
The Augmented Matrix (13x13)
    11.29249     0.22635     0.64926    -0.40835    -0.01343     0.53366     0.02900    -0.50965     0.45956     0.46236    -0.58396     0.89027     0.84456
    -0.40594    12.47233    -0.73398     0.01921    -0.82035     0.84597     0.11924     0.45225    -0.64911    -0.87102    -0.99012     0.15179     0.78583
    -0.65228     0.06759    10.24857    -0.18159     0.57406    -0.28315     0.41006    -0.43937    -0.74949    -0.56094     0.05099     0.71007     0.90142
     0.74599     0.33986    -0.96637    13.55915    -0.65995     0.60588     0.05284    -0.48031     0.45185    -0.82792     0.97194     0.80274    -0.69895
    -0.91312     0.83283    -0.44803    -0.56540    11.62621    -0.09958     0.37039    -0.99134     0.61727    -0.21955    -0.43071     0.86779     0.21951
     0.12094     0.08730     0.17820    -0.13308    -0.57284    10.23478     0.21183     0.20697    -0.96696    -0.73533     0.72667     0.48489    -0.56326
    -0.26220     0.68044    -0.75785    -0.17532     0.51327    -0.20588    11.16111     0.25927    -0.58631    -0.83549     0.26793    -0.96904    -0.05505
    -0.83553     0.45750     0.47661     0.28540    -0.45520    -0.34520    -0.84768     9.54569    -0.02804     0.86663     0.35930     0.00500    -0.86870
    -0.43196    -0.21542     0.77750     0.30584    -0.53499    -0.98035    -0.86948     0.97828     8.94389    -0.18623     0.38979    -0.60803    -0.02172
     0.92323    -0.50506    -0.67832    -0.91230     0.95244     0.79828     0.37310    -0.50276    -0.54691    11.07911     0.52542     0.46920    -0.68028
    -0.54899     0.97068    -0.03592     0.01906    -0.24474    -0.25842    -0.67511     0.22027    -0.23876    -0.54459    10.14308     0.19855     0.57501
    -0.44672    -0.49708    -0.98655    -0.52349    -0.00214    -0.66488    -0.43579    -0.04970    -0.86660     0.93731     0.44754    10.92813    -0.41351
    -0.09380    -0.65255     0.39094     0.35722    -0.68187    -0.64498    -0.62373     0.07339     0.09660    -0.29883    -0.70634     0.85784     9.36953
Tot number of iterations: 9

The Augmented Matrix (13x13)
    11.91684    -0.21812    -0.77662    -0.84531     0.23233     0.73213    -0.93287    -0.99867     0.16183     0.97909    -0.09669     0.73453    -0.05094
     0.76745     7.05963     0.00941     0.76964    -0.55062    -0.61212    -0.77175     0.18132    -0.10145     0.50374    -0.63281     0.04799    -0.81232
     0.71643    -0.52903     7.59300    -0.22625    -0.50169    -0.30566    -0.07155     0.73064    -0.57353    -0.00442     0.73197     0.58830    -0.02533
     0.92373    -0.70164     0.84108    12.76322     0.69118     0.30778     0.61072    -0.85945     0.69566     0.83897     0.32187    -0.40580     0.34271
     0.53039     0.80867     0.75610     0.24682    10.20363    -0.72036    -0.47014     0.74513    -0.02602     0.45831     0.47577     0.40045    -0.54612
     0.42855     0.84302    -0.68842     0.35228    -0.85861     8.47012    -0.84734     0.04346     0.44916     0.76338     0.18401     0.14482     0.60235
    -0.05494    -0.80506     0.38121    -0.52455    -0.99639     0.13731     9.21367     0.72227    -0.71675     0.66717     0.46740     0.25723     0.12548
     0.57936    -0.84909     0.64643     0.00791     0.99393     0.95801    -0.63981    10.75989    -0.86469    -0.88933     0.40365     0.58448     0.87405
     0.47640     0.09355    -0.53168    -0.57854     0.28849     0.84953    -0.10308     0.29210     5.74514    -0.01315    -0.38081     0.57535    -0.34598
     0.77949     0.02976     0.49025     0.35885     0.18066     0.13668    -0.63324     0.17459     0.09469     4.99304    -0.27305     0.30991     0.20536
     0.07942    -0.28174     0.62368    -0.44418     0.81181    -0.90800    -0.02271     0.10030     0.94154     0.87420     8.00027    -0.60760    -0.07162
     0.58240    -0.42002    -0.19967     0.36189     0.60974    -0.70942    -0.27926    -0.20960     0.42726     0.08750     0.96499    10.86594    -0.47805
     0.72731     0.94505    -0.83072    -0.19327    -0.33668     0.79296     0.36255    -0.52487     0.88497    -0.66016     0.57542     0.82650     9.19558
Tot number of iterations: 10

The Augmented Matrix (13x13)
     8.98714     0.06001     0.39113    -0.46067     0.58567     0.85714     0.61352    -0.72882     0.56388    -0.64603    -0.27624    -0.29348    -0.39138
    -0.23528     8.79933     0.07412     0.39421     0.89807     0.98139    -0.10978    -0.98988    -0.73485     0.08111    -0.40572    -0.44205    -0.79122
     0.50696    -0.19751     9.69354    -0.50473    -0.43303    -0.80637     0.03460    -0.84736    -0.94923    -0.35187    -0.57618     0.61465     0.00209
     0.61071     0.99525    -0.27461     9.37808    -0.62456     0.06937    -0.88040    -0.72649     0.05076     0.00982    -0.71637     0.31590    -0.90906
    -0.70028     0.54257    -0.44119     0.80668     9.72144    -0.65494     0.05409    -0.62634    -0.46131    -0.91131    -0.47370    -0.41054    -0.26319
     0.73891    -0.90229    -0.47472     0.34962    -0.90705     8.99176     0.25067     0.72506     0.16232     0.37027     0.99856    -0.78692    -0.61990
    -0.52896     0.16009     0.40284    -0.22924    -0.29734     0.96165     8.49937    -0.42256     0.04772     0.01574    -0.04890     0.58641     0.10442
     0.84124    -0.57248    -0.62002     0.58015    -0.47478    -0.09473    -0.07023     8.76486    -0.38182    -0.84406    -0.34518     0.78050     0.52621
     0.90631    -0.06442     0.52257    -0.62265    -0.90433    -0.07459     0.14810    -0.20167     8.72358    -0.11294     0.72554     0.84605     0.90280
     0.00722    -0.84597     0.60833    -0.15154    -0.41845     0.98831    -0.57140     0.10677    -0.10642     5.97023     0.35837     0.72495     0.04952
    -0.42427    -0.33342     0.49904    -0.51796     0.60215     0.02161    -0.14061     0.69782     0.94702    -0.99251    11.17877    -0.50385    -0.16592
    -0.26312    -0.59033     0.77466     0.74410    -0.43630     0.38299    -0.40745     0.14525     0.37130     0.02116    -0.74798     7.56855    -0.73512
     0.31440    -0.60728     0.48243     0.89013     0.05930    -0.01853    -0.62783    -0.33855    -0.99691     0.23156    -0.64073     0.95011    10.25537
Tot number of iterations: 9

The Augmented Matrix (13x13)
     6.67538     0.34234    -0.43816    -0.06339    -0.05513     0.98512    -0.82541     0.54903    -0.03108     0.74573     0.55495     0.68163     0.28745
     0.78381     9.50291    -0.84275     0.02263     0.37125    -0.40145     0.55686    -0.13381    -0.33824     0.66446    -0.14850    -0.89442     0.23784
    -0.69160    -0.83000    11.37165    -0.72562     0.65074    -0.26817     0.21099    -0.40439    -0.28305     0.38558    -0.85536     0.68588     0.13131
    -0.58124     0.74598    -0.33894    10.41039    -0.79743     0.90323     0.68369     0.57382    -0.49822     0.24055    -0.55999     0.16353    -0.09499
    -0.85715    -0.46575     0.57193    -0.54874     9.78912    -0.29575     0.84631    -0.89800     0.43608     0.05731    -0.30239    -0.84696    -0.55711
     0.57420    -0.45816     0.20642     0.99296    -0.71217     8.78420     0.86748    -0.80446    -0.80895     0.55118     0.76936    -0.30717    -0.20827
     0.69674     0.50088     0.12548     0.83959    -0.96487    -0.30260    10.61505    -0.70916    -0.26062    -0.45628    -0.60716    -0.82453     0.60102
    -0.95609     0.93271    -0.83258     0.61811    -0.52545     0.37383     0.61108    11.32942    -0.23763     0.24132     0.80661    -0.04657    -0.20751
     0.58422     0.78534     0.50263     0.28096     0.28622    -0.37190     0.12054     0.32135    11.30912     0.32551     0.41139    -0.93927     0.86922
     0.47025    -0.10532    -0.43530     0.51416    -0.17261    -0.26788     0.13227     0.30193    -0.89404     7.20827    -0.25665    -0.93569     0.34727
    -0.86024    -0.87407    -0.33601     0.72398     0.91127    -0.83338     0.00494     0.19749    -0.20528    -0.87452    12.02427    -0.48115    -0.87977
     0.98946     0.34110    -0.18422     0.45970    -0.76422     0.38048    -0.02614     0.06317    -0.88739    -0.89387    -0.63490     9.52978    -0.78144
     0.56583     0.39944     0.44715     0.70560     0.52537    -0.88886     0.42958     0.43664    -0.72224    -0.56549    -0.36587     0.07249     8.52452
Tot number of iterations: 10

The Augmented Matrix (13x13)
    10.32930    -0.37585     0.73196    -0.67394    -0.69720    -0.88706    -0.27346    -0.17546     0.37433     0.12699    -0.61762    -0.34232     0.95432
     0.78945    12.98697    -0.76764    -0.34667     0.82948    -0.79532     0.22642     0.70587    -0.95642     0.25129    -0.90902     0.63382     0.27074
    -0.88631    -0.48232     7.77709     0.02192    -0.26216    -0.75036     0.34798     0.04064    -0.63742    -0.92549     0.86518     0.73690     0.20150
     0.15582     0.48708    -0.42091     8.38714    -0.05472     0.71944     0.23242    -0.22524     0.92412    -0.54116    -0.51938     0.96770     0.71013
    -0.01913    -0.62646     0.49725     0.09456     8.08504    -0.10879    -0.48083     0.83240     0.14085     0.86715    -0.12696     0.50343     0.94166
     0.14317    -0.01421     0.63492    -0.70101    -0.52713     9.32374    -0.78599     0.24426    -0.80769     0.44642    -0.98098    -0.88357     0.90527
     0.61540     0.07125     0.68566    -0.40373     0.44479     0.18292     8.02065     0.69083    -0.66400     0.70209     0.52323     0.47685     0.56923
     0.51089     0.13450    -0.77939    -0.34594    -0.87971     0.85553    -0.04695     7.96425    -0.40685    -0.93047    -0.80269    -0.21454     0.51596
     0.42122    -0.28402    -0.01397     0.03662     0.78723    -0.32831     0.63288     0.23202     8.15664     0.85461     0.32371     0.56801     0.55669
     0.12592     0.24321    -0.97486    -0.36318    -0.62229    -0.75426     0.29088    -0.50200    -0.89873     8.55485    -0.75608     0.09115    -0.82920
     0.68676    -0.34243    -0.22149     0.10798     0.37355     0.76454    -0.85540     0.16078    -0.56377     0.77748     9.92352    -0.60721    -0.70916
     0.84753     0.94813     0.00567    -0.02654     0.19134     0.03080     0.61027     0.56906     0.27655    -0.09885    -0.93295     8.77819     0.37782
     0.54862     0.58631     0.03482     0.23537    -0.75613     0.81332    -0.65665     0.61742     0.57786    -0.51205    -0.22180    -0.98591     8.20982
Tot number of iterations: 11
