
The Augmented Matrix (33x33)
    21.77798    -0.67201    -0.21705     0.70284     0.46681     0.91366     0.08710     0.49876     0.84444     0.47376    -0.62579     0.55597     0.02684    -0.56651    -0.42323     0.90858    -0.27135     0.48942    -0.31970     0.90030     0.30173    -0.13616     0.41015     0.83725    -0.33115     0.90003     0.54157    -0.67810     0.57629    -0.97076    -0.20445    -0.33719    -0.64277
     0.82404    19.55144     0.49216     0.45275     0.32280     0.33660    -0.07350     0.69701    -0.10742     0.95334    -0.86950     0.46935     0.86192    -0.14085    -0.04124    -0.45778    -0.24056    -0.73950     0.40606    -0.83040    -0.90226    -0.92510    -0.93037     0.63932    -0.60320     0.64592     0.66855     0.19235    -0.69127    -0.97422    -0.22915    -0.32562     0.84982
     0.17262     0.59961    14.60122     0.05363    -0.13037    -0.50781     0.00697     0.00013     0.96153    -0.13111     0.85927    -0.07970     0.41111    -0.38128     0.18079    -0.18284    -0.21168     0.27854    -0.10793    -0.14205    -0.08215     0.28887    -0.49613    -0.41360    -0.51878    -0.18741    -0.38782     0.25206     0.48697    -0.53800     0.51507     0.61409     0.63462
    -0.49576     0.60686     0.67468    19.36767     0.50437     0.56839    -0.45643     0.36364    -0.51131     0.95468     0.98236     0.66948    -0.22816    -0.22932    -0.05198     0.66391     0.62863     0.86587    -0.04723    -0.86751    -0.54773     0.43399    -0.05491     0.06445    -0.31395    -0.56794     0.52645    -0.79889    -0.95385     0.16107     0.31579    -0.28614     0.66531
     0.16969    -0.50896    -0.06788    -0.46667    18.25844    -0.02027    -0.11320    -0.48431    -0.35079     0.65864     0.28637     0.59723     0.32255    -0.08500     0.46310    -0.72468     0.04749     0.91537     0.70931     0.99258    -0.02017    -0.60464    -0.57537    -0.49372    -0.40353    -0.52922     0.66735     0.91226     0.18464     0.33267    -0.16509     0.57318    -0.49765
     0.03568    -0.69433     0.39210     0.55138    -0.04511    18.42518     0.05073    -0.16225    -0.44788    -0.62672     0.75275    -0.98478    -0.35140    -0.19976     0.93059    -0.64209    -0.20718    -0.08958    -0.24673     0.21745     0.41670     0.34974     0.68823     0.08406     0.26200    -0.12713    -0.58328    -0.90309    -0.55395    -0.08092     0.42285    -0.04865     0.95476
     0.50614    -0.31659     0.39418    -0.65611     0.23553     0.76746    16.56987    -0.90336     0.25075    -0.58394    -0.10313     0.18134    -0.22603     0.68969    -0.90824     0.52724    -0.09286     0.50847    -0.12302    -0.40463    -0.40748    -0.86102     0.46823     0.00925    -0.76411     0.91428     0.92832     0.65874    -0.13437     0.88309     0.38727     0.20908     0.38923
     0.73311     0.30621    -0.62928     0.82975    -0.44304    -0.21321    -0.27338    21.05895     0.73830     0.56076    -0.58369     0.83006     0.08800     0.32345     0.33852     0.96498     0.91881     0.93104    -0.89603     0.38705    -0.05971    -0.66014     0.30133    -0.13138     0.99860    -0.83304    -0.24830     0.38587     0.37604    -0.85907     0.45655     0.97930     0.87404
     0.70379     0.31971     0.13681    -0.56958     0.05801    -0.30243    -0.15327    -0.11193    19.72393     0.78557    -0.82982    -0.77341     0.75055    -0.91101    -0.84237     0.85452     0.47604     0.09792    -0.80562    -0.22263     0.96654    -0.80702    -0.05567    -0.28176     0.57884    -0.67963    -0.14083     0.03539    -0.70032    -0.26679     0.79815    -0.35030    -0.56300
    -0.13258    -0.82413    -0.51591     0.71415     0.06394    -0.73034     0.88432     0.29053    -0.97979    24.50322     0.97331     0.44816     0.87473     0.44935    -0.45392    -0.93089    -0.77329    -0.48738    -0.73791     0.17104     0.23086     0.84093     0.49142    -0.90997    -0.12368     0.79109    -0.17676    -0.32553    -0.55921     0.26025     0.79234    -0.77269    -0.87233
     0.84182     0.03215    -0.01894     0.72614    -0.67733     0.00127     0.69945     0.77083    -0.12400     0.14880    20.33646    -0.68308    -0.05489     0.37551    -0.17046     0.20720    -0.45345    -0.93960     0.04813    -0.96203    -0.84957     0.92445     0.82906    -0.02632    -0.40108    -0.73015    -0.76607    -0.60874    -0.50284    -0.63840    -0.64053     0.20856    -0.79659
     0.92955     0.71429     0.19088     0.62900     0.48512    -0.93311    -0.22221     0.80204     0.01200    -0.84670    -0.36842    21.37043    -0.78080    -0.30014    -0.30802     0.26733    -0.26217    -0.15759     0.19178    -0.43311     0.81609     0.79070    -0.16326    -0.94998    -0.81804     0.33390    -0.58839    -0.45857    -0.45753    -0.38497     0.93304    -0.26792    -0.45543
    -0.82643     0.13246     0.98985    -0.04864    -0.06550     0.00185     0.10467     0.56608     0.22105     0.80452    -0.74194    -0.51162    18.46209    -0.45765     0.10047     0.68015     0.10924    -0.08343     0.47086     0.94598    -0.03342     0.65282     0.27988     0.37820    -0.80576     0.82235     0.99322    -0.87271    -0.44557    -0.46220     0.77462    -0.52260    -0.28863
     0.66273     0.84158     0.46910    -0.23260     0.40766    -0.30985    -0.42808     0.66572     0.17852     0.11427    -0.23381    -0.14132    -0.77649    19.70514     0.68276    -0.67047    -0.83051    -0.35066     0.98235     0.44937    -0.97246    -0.82341     0.27172    -0.97924    -0.69612     0.82615    -0.44144    -0.92150    -0.69646     0.26993    -0.01441    -0.22921    -0.06734
     0.70005    -0.76518    -0.06996    -0.72803     0.90054    -0.89144     0.38624    -0.33326    -0.03276     0.60975    -0.65051     0.29677     0.77924    -0.00116    20.95231     0.27912     0.22861     0.02638     0.45571    -0.49967     0.04714     0.75960    -0.67352     0.60570     0.83810    -0.36998    -0.12437    -0.17631     0.40081     0.80829     0.65085     0.64071     0.50834
     0.78031     0.78622    -0.32069     0.16655    -0.54704     0.64654    -0.22369    -0.19755    -0.05668    -0.44445     0.80129    -0.77756     0.78416    -0.17233     0.67815    21.46805    -0.71551     0.87481     0.43775    -0.38903     0.48051     0.27585     0.24099    -0.64386    -0.90046    -0.35820    -0.83557     0.75039    -0.71749     0.67277     0.63607    -0.14675     0.45308
    -0.38037     0.87524     0.17910     0.39594    -0.32231    -0.87758     0.95148    -0.52102    -0.65514     0.73564     0.30665    -0.97699    -0.97987     0.18145     0.46076    -0.36891    20.07236    -0.33803    -0.26339     0.87208     0.01811    -0.16385    -0.48612     0.18255    -0.41346    -0.20361    -0.14468    -0.77740     0.64964    -0.69160     0.64489     0.18220    -0.07197
    -0.67603    -0.80218    -0.51628    -0.72454    -0.32320    -0.17142    -0.98890     0.98345    -0.14841    -0.96878     0.16490    -0.68765    -0.33768     0.82687     0.04896    -0.46560    -0.15502    17.83887     0.88511     0.04828    -0.97247    -0.52835     0.84468    -0.11716    -0.30575     0.49432     0.19124    -0.66086    -0.32348    -0.88073     0.85927     0.03783    -0.55676
    -0.28130    -0.26610    -0.64987    -0.27020    -0.28266     0.20172    -0.23898     0.88224     0.51407     0.42334     0.70911    -0.43697     0.95774    -0.44590    -0.55186     0.00602    -0.41838    -0.08021    17.91085    -0.14931     0.46447     0.61404    -0.65499    -0.34429     0.95319     0.02154    -0.22502     0.81246    -0.94064     0.21823     0.86955     0.58091     0.93693
    -0.33327     0.32079     0.13277     0.42775     0.20304    -0.35316    -0.14891    -0.08785     0.20987    -0.19118     0.46625     0.65801     0.81484    -0.95213    -0.42220    -0.33447     0.51234    -0.80815     0.01055    21.99154    -0.83195    -0.85496    -0.96792    -0.05696     0.95750    -0.90856    -0.83874     0.82705     0.67236    -0.90181    -0.56950     0.60340    -0.23508
    -0.80733    -0.04567     0.38300     0.04375     0.86648    -0.40713     0.85257     0.33273    -0.74911     0.66741     0.38060    -0.17131    -0.66706    -0.10705     0.02054     0.34349     0.06100     0.16557     0.37557    -0.99597    13.50770     0.12307     0.46701    -0.83470    -0.04988     0.13937    -0.73651     0.38062    -0.25723     0.02841     0.13191     0.47893     0.22108
    -0.73517     0.95273     0.45481    -0.88260     0.28546     0.70570     0.78481    -0.33394    -0.46562    -0.88225     0.55901     0.55492     0.46124    -0.37999    -0.27950    -0.16319    -0.37596     0.84357    -0.69618    -0.21066    -0.20631    21.33733     0.44319     0.05283    -0.82569    -0.81404    -0.91876     0.30622     0.66490     0.30231     0.39247    -0.47317     0.56714
     0.68454    -0.36934     0.68734     0.46935     0.29672    -0.77828     0.58711    -0.14427     0.77665     0.04835     0.47574    -0.50286     0.88516    -0.90022    -0.65929    -0.81102    -0.11089     0.13440     0.63218     0.94194     0.30870     0.81814    24.00804    -0.97682    -0.38508     0.48304     0.32549    -0.99261    -0.99013    -0.10737     0.35259     0.99151    -0.42283
    -0.95347     0.27997     0.90057     0.63363    -0.86430     0.67722    -0.31802     0.61143    -0.82564    -0.43286     0.71121    -0.48493    -0.24387    -0.39968     0.64946    -0.61170    -0.45774    -0.04183    -0.79356    -0.43456     0.57309     0.68948     0.89093    18.44529     0.58048     0.69935    -0.21644    -0.06693     0.69086     0.36073    -0.08369     0.36971     0.40726
     0.04089    -0.66803    -0.05251     0.72287     0.94340     0.12185    -0.70999     0.65461     0.63692     0.04614    -0.74507     0.28638     0.43444    -0.20281    -0.75545     0.64088     0.36262     0.81764     0.33036     0.25355     0.39811     0.02971    -0.96289    -0.66882    20.60499    -0.27943     0.39785     0.24749    -0.90973    -0.19489     0.44376     0.36055     0.84600
     0.56887     0.71913     0.42989     0.85888     0.37374     0.06681    -0.09498     0.62867    -0.64680    -0.66054    -0.57414    -0.40226     0.98035     0.78848    -0.58462     0.31071     0.04203     0.81349    -0.65958     0.07915    -0.85533     0.06098    -0.52301     0.39216     0.15126    16.02684     0.28210    -0.16407    -0.48819     0.12809    -0.38834    -0.18015    -0.30304
    -0.44416     0.70453     0.31655     0.46086     0.33320     0.66975     0.80032     0.75906    -0.73251     0.78067     0.54754    -0.31713     0.09137    -0.41043    -0.50363     0.43179     0.66872    -0.35896    -0.50722    -0.85429    -0.96680     0.64403     0.42780    -0.13087    -0.84416    -0.44410    21.54440     0.48079    -0.02432     0.25286     0.81158     0.22542     0.80870
     0.26956    -0.15069    -0.78828     0.06988    -0.39163    -0.52079    -0.14945    -0.84409     0.16208     0.94192    -0.25452     0.65845     0.37371    -0.58581    -0.70051     0.86649    -0.44010    -0.66731     0.51052     0.98770     0.20182     0.66636    -0.45640    -0.31739    -0.35796     0.79646    -0.50581    19.96289     0.86746     0.60516    -0.98970    -0.59057    -0.12528
     0.94460     0.46799     0.10037    -0.20486     0.62389    -0.73755    -0.26294    -0.63063     0.92090    -0.88923    -0.21644    -0.77961     0.97726     0.34346    -0.44692     0.48778     0.33116     0.75491     0.15413     0.87476    -0.56248     0.79617     0.67122    -0.06829     0.66363     0.27638    -0.05799    -0.92693    22.20712    -0.84891     0.80162    -0.30578    -0.90431
    -0.10917    -0.10650    -0.94296     0.62790     0.26287     0.97794     0.73867    -0.95357    -0.80168     0.71593     0.38989    -0.24859     0.20371    -0.27895    -0.49369    -0.64216    -0.40419    -0.05617    -0.84599    -0.73296     0.87554     0.81765     0.54341    -0.18246     0.89071     0.69451    -0.38083    -0.41507     0.79020    20.90774     0.88877    -0.62048    -0.31897
    -0.69107    -0.95486    -0.58551    -0.95240    -0.90843    -0.38718     0.76353     0.48146     0.36423    -0.03277    -0.79749     0.87054     0.32508    -0.20167    -0.18563     0.47909     0.06536    -0.31010     0.29674    -0.39123     0.50745     0.18745    -0.69672    -0.87339     0.77238    -0.90652    -0.98461    -0.84809    -0.22549    -0.20234    19.85077    -0.41154     0.08344
     0.13104    -0.06562     0.61578    -0.10544    -0.58416    -0.02000     0.86180    -0.38165    -0.14946     0.18688     0.41667     0.66491    -0.33403    -0.51797    -0.64518     0.96270     0.09081     0.86226     0.15015     0.39409     0.98888    -0.07746     0.48757    -0.99573     0.07444    -0.73792    -0.19807     0.66291     0.34552     0.64473    -0.33413    16.65919    -0.52344
     0.37112    -0.00506     0.26164     0.23292     0.61329    -0.88781    -0.58020     0.02996     0.77710     0.08577     0.51200    -0.86809     0.04847    -0.39720     0.99418    -0.80138     0.99689     0.98306     0.12116     0.48446     0.98732    -0.80440     0.74655    -0.21075     0.85851     0.09207    -0.56602    -0.47562     0.56863     0.01309    -0.19398    -0.06025    16.64902
Tot number of iterations: 10

The Augmented Matrix (33x33)
    20.61190     0.61078    -0.04054     0.09630    -0.17427     0.04876     0.64435     0.77533    -0.74192     0.86193    -0.79715    -0.45875     0.70259    -0.37191     0.47795     0.92550     0.80571     0.13139     0.15271     0.50910     0.98361    -0.27885     0.79573     0.43741     0.93005     0.43358    -0.41118     0.90758     0.17668    -0.15015    -0.82472    -0.57919    -0.53937
     0.28636    20.30305    -0.81650     0.16147     0.06169    -0.55842     0.02340     0.26454    -0.01717    -0.27401     0.89263    -0.53922    -0.34851     0.69834     0.59216     0.80421     0.20744     0.57577    -0.47465     0.00317     0.01318    -0.54460    -0.56324     0.60200    -0.63703     0.61344    -0.54815    -0.46175    -0.96575    -0.08752     0.67299     0.55137    -0.80116
     0.26053    -0.70194    18.87415     0.73623    -0.47493     0.28089    -0.53778    -0.58230     0.74166     0.11372    -0.88396     0.33383    -0.08208     0.32349    -0.09040     0.44328    -0.67334     0.92278     0.89867    -0.23659     0.52478    -0.73835    -0.62315     0.97664    -0.20010    -0.58890    -0.11088    -0.52711     0.96247     0.08796    -0.67063    -0.32470    -0.65151
    -0.12644     0.90832    -0.12624    18.61801     0.29126     0.64998     0.98748     0.40730    -0.01619    -0.09460    -0.26921     0.89341    -0.65132     0.05744     0.81619    -0.75265     0.82085     0.34097    -0.49100    -0.80230     0.31761     0.30890    -0.39120    -0.79327     0.78179    -0.42873     0.29468    -0.88884     0.24658     0.64317    -0.26141     0.65811    -0.48327
     0.80798    -0.70310    -0.48064     0.21529    19.42066     0.28071     0.42476     0.94607     0.17412     0.77344     0.00352    -0.00969    -0.97921    -0.17563    -0.66872    -0.47022     0.02207     0.64889     0.83868     0.63088     0.85562     0.62047    -0.79785     0.15030     0.73163     0.44872    -0.20653    -0.52978     0.10684     0.31020     0.11714     0.63872     0.11818
    -0.66653    -0.30526     0.58283    -0.72046     0.86886    17.34226     0.35626     0.28305    -0.14083     0.37705    -0.89258     0.19045     0.90683     0.12950    -0.16066     0.74551    -0.23963    -0.30504     0.36598    -0.03748     0.84526     0.09761    -0.58875    -0.36127     0.56783     0.51809     0.94892    -0.31504     0.15680     0.06710    -0.90100     0.31487     0.40057
     0.68011    -0.33740    -0.74603    -0.03684     0.52177     0.63102    20.49846     0.07059    -0.28778     0.53785    -0.79991     0.55156     0.28337    -0.03954    -0.75348    -0.35065     0.92298    -0.90823     0.74695    -0.66577    -0.26950     0.31478     0.85231    -0.32058     0.99974     0.00911     0.74652    -0.90126    -0.67602     0.14709    -0.10752     0.22168    -0.17280
     0.79036     0.07685     0.10666    -0.13905     0.78907    -0.35549     0.06104    20.99361     0.34063     0.92788    -0.97851     0.58715    -0.42277     0.94447     0.67892    -0.67582    -0.72130    -0.59058     0.63896    -0.86899     0.08884     0.63871     0.14013    -0.16463     0.73745     0.46411     0.98246    -0.37008    -0.31421    -0.19034    -0.81500    -0.83856    -0.39998
     0.46097     0.05092     0.91262    -0.47799    -0.60845     0.84050    -0.45650     0.97870    21.92957    -0.58227    -0.51202     0.65762    -0.25809    -0.23332    -0.93295    -0.61913    -0.10231     0.15589    -0.98042    -0.96218     0.99125     0.75702     0.50193     0.97371    -0.61305    -0.81228    -0.21663    -0.42805    -0.65083     0.38339     0.83380     0.61727    -0.15564
     0.36637     0.27628     0.37040     0.90987     0.25498     0.78813    -0.60216    -0.08739    -0.46996    20.97301     0.16452    -0.02035    -0.08909    -0.93779    -0.86446    -0.06951    -0.89997    -0.87320    -0.31249     0.60196    -0.89949     0.07446     0.78968    -0.11612     0.64641    -0.86115    -0.73273     0.48021     0.75612     0.11163    -0.63506     0.28602    -0.52200
    -0.61213    -0.10379    -0.55545    -0.21429     0.80881    -0.02541     0.95023    -0.21153     0.88550    -0.98755    19.87433    -0.07599    -0.18401    -0.88752     0.05081     0.50350     0.71444     0.15132    -0.42204     0.50412    -0.96480    -0.77563     0.64297    -0.69753     0.70458     0.39910     0.41410    -0.93048    -0.31488     0.89210     0.71075     0.34154    -0.72003
     0.06568    -0.58423    -0.23932     0.01591     0.20423    -0.35381     0.02836    -0.87176     0.46218     0.14084     0.17905    16.64167    -0.03432    -0.14472    -0.66962     0.54364    -0.64060    -0.63442     0.76801    -0.99762    -0.33195     0.47260     0.40147    -0.91785     0.54212    -0.91341     0.97425     0.25287     0.42813    -0.74578     0.85982     0.21422     0.31990
    -0.66419     0.47982    -0.37891     0.36417     0.60806    -0.91673    -0.49499    -0.21288     0.04896     0.36029     0.11749    -0.40740    18.54114     0.71969     0.48307    -0.63938     0.72206    -0.84888     0.83321     0.12353    -0.76672     0.37533     0.21012    -0.79247    -0.37180    -0.36175    -0.53825    -0.51198     0.85248     0.78165    -0.23639     0.82738    -0.88254
     0.48163     0.85149    -0.46825     0.98664    -0.36139     0.58071     0.34692     0.75610    -0.82669     0.06661     0.23918    -0.46607    -0.21133    24.26687     0.39030    -0.63286     0.91221     0.62358     0.74248     0.12233     0.83111    -0.62932     0.76059    -0.70714    -0.14130     0.61306    -0.92548     0.62231     0.44045    -0.80802     0.86574     0.88892     0.67361
     0.66024    -0.64416    -0.99861     0.00717    -0.88806    -0.82530    -0.92622     0.35112    -0.29137    -0.13755    -0.25858     0.07577    -0.22535    -0.63501    20.74033    -0.18175     0.89699    -0.80389     0.18893     0.65757    -0.51103    -0.95237     0.27064    -0.43651     0.66994    -0.28892    -0.24453     0.53568    -0.39999    -0.57093     0.25291     0.02068    -0.91068
     0.09648     0.72068     0.19677     0.17026     0.07180     0.90540    -0.96729     0.81321    -0.01883    -0.19264    -0.82179     0.79942    -0.29565    -0.62569    -0.01166    17.28132    -0.63808    -0.13672     0.03597     0.63256     0.42677    -0.29409    -0.65636    -0.81776    -0.75841    -0.05636    -0.38869     0.49450     0.96432    -0.29937     0.10324    -0.01361     0.79711
    -0.03263     0.89572    -0.91144     0.00008     0.70894     0.06973     0.80744     0.88715    -0.13085    -0.48821    -0.73854     0.85749    -0.12629     0.12474    -0.10654    -0.49374    18.95173    -0.44849     0.59937    -0.15010    -0.26625     0.84097     0.79354     0.34506     0.33547     0.75787    -0.95432    -0.56129    -0.25574     0.84280     0.26264    -0.07257    -0.18983
     0.81025    -0.13270    -0.91428     0.61769    -0.24555    -0.04514    -0.87052     0.01591    -0.18765     0.00319    -0.85935     0.70581     0.50946    -0.30784     0.30519    -0.64064     0.42591    15.61047     0.14615    -0.84710    -0.22903    -0.51838     0.91077    -0.18335    -0.07967    -0.34497    -0.34055    -0.81704     0.58246     0.46962     0.34132    -0.40156     0.27987
    -0.10244    -0.03693     0.63902     0.02704     0.97898    -0.54863    -0.96976    -0.88037    -0.84282     0.53969    -0.18821     0.46237     0.89905    -0.76230    -0.39148    -0.94805     0.00867     0.09014    21.38257     0.96272     0.82532    -0.98954    -0.38224    -0.51523    -0.80658    -0.79979     0.95439     0.53475    -0.20134     0.23426     0.74337     0.48282    -0.86818
     0.15887    -0.31459     0.57321     0.18910    -0.19496     0.73039    -0.27121     0.61683     0.19276    -0.37216     0.85453     0.80128    -0.32020    -0.13680    -0.10859    -0.35748    -0.31148    -0.09813     0.26027    17.62509     0.17329     0.09530     0.46049     0.12768    -0.36995    -0.74086    -0.63806    -0.62658     0.74196    -0.50624     0.07985    -0.13620     0.65263
    -0.15827    -0.42969    -0.83260     0.57053    -0.81286     0.36016    -0.80163    -0.95834     0.16143    -0.12183    -0.09514    -0.94715     0.52068     0.59338    -0.04528    -0.21904    -0.23334    -0.94998    -0.75855     0.89434    18.51717    -0.31993    -0.49941    -0.74372     0.05348    -0.75745    -0.24996    -0.86666     0.10635    -0.59733     0.89861     0.54335     0.24440
    -0.18507    -0.34395     0.07091     0.01330    -0.30228    -0.76766     0.89146     0.60258    -0.71481     0.41215     0.19595     0.23991    -0.80689     0.96262     0.28993    -0.56545     0.85696     0.97000    -0.06486    -0.88676     0.02348    15.83131     0.17769    -0.13672     0.15682    -0.71596     0.26595     0.05542     0.82739    -0.48965     0.52434     0.53814     0.32528
    -0.66142    -0.12189    -0.15860    -0.76996    -0.51932     0.12659     0.64219     0.67664    -0.63350     0.83530     0.63925     0.65644    -0.73015     0.49621     0.62643     0.20499     0.60945    -0.35009    -0.61732    -0.52727     0.80673    -0.33328    22.34914     0.73868    -0.13785    -0.50589    -0.75097    -0.61351    -0.96775     0.57431    -0.43312    -0.35870     0.91288
    -0.85708     0.92567    -0.39071     0.78511     0.60230    -0.02421     0.62040     0.24155    -0.36777     0.89025    -0.26224    -0.74133     0.09524    -0.65279    -0.09142     0.47792    -0.18006    -0.28469    -0.85537    -0.44138     0.57746    -0.36126    -0.19235    21.81297     0.96395    -0.32901    -0.61805    -0.46917     0.31229    -0.70517     0.97582    -0.20500    -0.56225
    -0.77714     0.50378    -0.61992     0.84326    -0.25466     0.01231     0.73352     0.48310     0.27098    -0.17124     0.83031    -0.82044    -0.69333    -0.34975    -0.10513    -0.54869     0.20887    -0.52767     0.09005    -0.98348    -0.56372     0.76104    -0.60153    -0.03288    15.87589     0.07333    -0.30670    -0.05707     0.86833     0.13105    -0.15559     0.27261     0.35391
     0.19718     0.09353    -0.33499    -0.06931    -0.42336     0.93598     0.75945    -0.59305    -0.88446    -0.93387     0.05720     0.01041    -0.48257    -0.73392     0.48274     0.60748    -0.71741     0.91902     0.36852    -0.31894    -0.11386    -0.55815     0.37436     0.82907    -0.68983    16.35360    -0.49459    -0.32652     0.58279     0.85933     0.02168     0.23548     0.05651
     0.98720    -0.30815     0.83647     0.74665     0.09880     0.95201     0.81278    -0.84400    -0.03759    -0.66979    -0.57792    -0.55485     0.93769    -0.29533    -0.63582     0.30621     0.38573     0.25032     0.74806    -0.23991     0.07939    -0.94177     0.26550     0.75287     0.64101     0.12483    21.31702    -0.22545    -0.12351    -0.81866    -0.11023    -0.22302    -0.83146
     0.91519    -0.31958    -0.43455     0.72797    -0.16358     0.52787    -0.94182     0.25850     0.97302     0.99587     0.96317    -0.66280     0.30207     0.34890     0.58752     0.05013    -0.89101    -0.33310     0.10836     0.37450    -0.58022    -0.25063    -0.50067     0.19433     0.62587    -0.31934    -0.91590    17.79738    -0.59716    -0.15080     0.66572     0.01629    -0.23561
    -0.50764     0.18257     0.10961    -0.44946    -0.55893     0.08264    -0.45360    -0.59576     0.41983     0.84848     0.75314     0.00735    -0.10139     0.86213     0.67425    -0.99303     0.23663    -0.90597    -0.24366     0.73596     0.28836    -0.61779    -0.58338     0.37246    -0.21495     0.26582     0.03818     0.80134    17.53620    -0.96979     0.38433     0.38309    -0.47743
     0.07311     0.00796     0.57534     0.61951     0.41220    -0.00483     0.46799     0.16534    -0.99748    -0.63340     0.02748     0.67677    -0.62644    -0.73589     0.77080     0.12990    -0.99994     0.05916     0.51211    -0.58331    -0.56837    -0.70284     0.68251     0.46981    -0.90150     0.71272    -0.14586     0.48159    -0.76470    18.28507     0.42103     0.97429     0.30840
    -0.07209     0.84119    -0.45521    -0.60410     0.00653    -0.45269    -0.23750    -0.96599    -0.77591     0.13606    -0.70189     0.99489    -0.73404    -0.70182     0.05405     0.77807    -0.28514     0.48568    -0.92477    -0.60263    -0.04451    -0.82627    -0.88991     0.80963     0.65532    -0.65461     0.23066     0.62961     0.65379     0.65965    22.21379     0.17923    -0.41829
    -0.02239    -0.49263    -0.72866     0.74011    -0.45863    -0.50458    -0.12383    -0.16051    -0.50969     0.14213     0.13767     0.54436    -0.07981     0.85253     0.03004    -0.00458    -0.75010     0.98553     0.16915    -0.64000     0.79516    -0.17553    -0.29461     0.02581    -0.54593    -0.64082    -0.31454     0.63330    -0.05911    -0.81371     0.35733    16.38543     0.91850
     0.65860     0.23503    -0.87591    -0.46523    -0.92548    -0.38560     0.67689     0.21219    -0.84123    -0.40291     0.06472     0.18881     0.59251     0.31462     0.17434    -0.23835     0.67462    -0.03050     0.58612    -0.61999     0.99531    -0.95981    -0.26081    -0.31923     0.67349     0.68008    -0.13293     0.03082     0.59857     0.56073    -0.34052     0.25718    17.96253
Tot number of iterations: 9

The Augmented Matrix (33x33)
    16.92107    -0.09917     0.13641     0.49614     0.19374    -0.81530     0.20843    -0.93683    -0.32683    -0.74267     0.04529    -0.47107    -0.61407    -0.16056    -0.61711     0.95028    -0.09709     0.77901    -0.36682     0.14189    -0.32630    -0.41334     0.20965     0.04921     0.19957    -0.99966     0.65215    -0.49828    -0.18434     0.69229     0.56370    -0.77672    -0.40688
     0.78686    22.84401    -0.11519    -0.07215     0.85003     0.55798     0.18518    -0.10468    -0.91308     0.57110     0.73477    -0.53019     0.52138    -0.36232    -0.75118    -0.84543     0.77957    -0.07748    -0.25877    -0.01078     0.97173     0.94080    -0.01044     0.62388    -0.55748     0.80522     0.31617    -0.99379    -0.97150     0.90929    -0.29368     0.74792     0.69615
     0.54617     0.14912    20.89963     0.86094    -0.55850     0.23603     0.43204    -0.82374     0.70584    -0.04657    -0.18606     0.95466     0.10800    -0.40649    -0.12282     0.84923     0.58273    -0.15109     0.79003    -0.42771    -0.52721    -0.76745    -0.62249     0.78896    -0.76124    -0.59399     0.69825    -0.05492    -0.84608     0.39440    -0.46379    -0.17031    -0.05943
     0.38207    -0.07864    -0.87733    19.29881     0.55833    -0.37280     0.07610    -0.62773    -0.41814    -0.81590    -0.03422     0.45903    -0.96667    -0.45148    -0.69206     0.82336     0.12081    -0.21926    -0.94409     0.49832    -0.43030    -0.70533     0.90433    -0.73205     0.23975    -0.94175     0.66235     0.77597    -0.11207    -0.39708     0.46130     0.57856     0.98499
     0.54332     0.00986    -0.22267     0.91559    17.40059     0.59172    -0.03857    -0.11863     0.05075    -0.00524     0.42989     0.35870    -0.18188    -0.44930    -0.86057    -0.12597    -0.95098    -0.29087     0.16870     0.95335    -0.02292    -0.59155    -0.98840    -0.36057    -0.81558    -0.10047     0.24235     0.64571    -0.52191     0.22734    -0.97163    -0.82068    -0.22934
    -0.31375    -0.37005     0.91808     0.56763     0.68071    21.14815    -0.08716    -0.00248     0.03940     0.73096     0.54822     0.17884    -0.39501     0.59724     0.88797     0.77370     0.55058    -0.13495    -0.81785     0.56218     0.50448    -0.63343    -0.53829    -0.25317    -0.98772    -0.06020     0.97417    -0.95934     0.11913    -0.25517     0.07889    -0.92422     0.43109
    -0.00129     0.38955    -0.09330     0.99623    -0.57104    -0.36233    18.96526     0.54445     0.60779     0.24266     0.14169     0.49576     0.01636    -0.30773    -0.63919     0.19851    -0.74555     0.86529     0.56507    -0.28384    -0.38788     0.57735     0.65597    -0.41371     0.61801    -0.22490     0.33113    -0.30310    -0.14912    -0.23779    -0.59426    -0.15526     0.76093
     0.75716    -0.77574    -0.61089     0.30161     0.83205     0.63177    -0.55671    22.85825     0.32781    -0.35187     0.13556     0.68862     0.84664     0.39002     0.55391     0.41171    -0.89382    -0.83397    -0.01094     0.76215    -0.24768    -0.39293    -0.46275    -0.91655     0.30396     0.38812    -0.15434     0.70971    -0.76713    -0.39341     0.50501     0.98431    -0.63625
     0.66536     0.56131    -0.99480    -0.89134    -0.11088    -0.34667     0.24422    -0.42226    18.97479    -0.50004    -0.36576    -0.86835     0.91167    -0.25958    -0.70232    -0.09927    -0.49744     0.05000     0.50779     0.03981     0.13345    -0.18824    -0.57206     0.97911    -0.47853    -0.33920    -0.41429    -0.97353    -0.35489    -0.05054     0.75573     0.01854    -0.38518
    -0.27652    -0.79384     0.67706     0.96770    -0.21609    -0.82297    -0.39807    -0.08444    -0.91131    20.17617     0.34235     0.21324    -0.01058     0.84491    -0.73676    -0.50278    -0.11527     0.39669     0.30898     0.31266     0.37580     0.83044     0.97346     0.96151     0.85691    -0.38142    -0.08903     0.61264     0.63711     0.52579    -0.07031    -0.33915    -0.75073
    -0.78303     0.91976    -0.48506    -0.18110    -0.16469    -0.39637    -0.83875    -0.95145     0.59305    -0.99383    19.48049    -0.68821    -0.90973    -0.10911     0.70847     0.39925    -0.79645     0.08428     0.22969    -0.82299     0.04578     0.08660    -0.20441     0.95675    -0.30076    -0.56730     0.48254     0.62893     0.09355     0.73181    -0.23522     0.43146     0.94878
    -0.23232     0.51985    -0.44997    -0.07107     0.56840    -0.85692    -0.06491     0.88018    -0.76665     0.82598     0.58866    20.79843     0.63260    -0.97046    -0.32707    -0.13772    -0.79345     0.71872     0.94888     0.00214     0.67547    -0.35188     0.43485     0.15801    -0.72295    -0.47160    -0.11019     0.04183     0.95986    -0.16141     0.72637     0.90626     0.60627
    -0.46480    -0.18538    -0.40063     0.47029    -0.30520    -0.16728     0.29628    -0.71654    -0.53468     0.32581    -0.04361     0.32760    17.55630     0.53236    -0.32489     0.27648    -0.46549    -0.64942     0.92460     0.96935     0.50858    -0.79835    -0.50225    -0.60160     0.24349    -0.54239     0.23699    -0.03014    -0.63612    -0.15675    -0.78393    -0.17984     0.37845
    -0.15126     0.72549    -0.74775    -0.85498    -0.99105    -0.28243     0.47083    -0.03465    -0.95484     0.00319     0.64046     0.32164     0.53770    19.51245     0.99103     0.24624     0.50705     0.49962     0.44790    -0.99520     0.89801    -0.30862    -0.53759     0.13500     0.66124    -0.17371     0.97825     0.87731     0.64645     0.35670    -0.09200     0.06598    -0.79456
    -0.64954    -0.35756    -0.96420     0.82129     0.60779    -0.91903    -0.17552     0.24825     0.40261    -0.63783     0.23928    -0.35115     0.86922    -0.26110    19.14961    -0.90325     0.87402    -0.36309    -0.21187    -0.66357     0.77191    -0.55063     0.16272     0.75016    -0.67332    -0.19082     0.10686     0.23468     0.87516     0.31231     0.86817     0.19340     0.66276
     0.48405    -0.88160     0.31017    -0.69147     0.36665    -0.28722    -0.32930    -0.39407     0.36163    -0.46008     0.34483     0.45837    -0.58606     0.98174    -0.75350    18.76402    -0.24963     0.75365    -0.30413     0.91309     0.50381     0.02255    -0.27773    -0.38932    -0.74277    -0.40257     0.92298    -0.87460     0.79083     0.58574    -0.36399     0.02003     0.06979
     0.37832    -0.87894     0.04297    -0.95098    -0.27300    -0.59540    -0.41107    -0.92817     0.86298     0.00287    -0.94643    -0.89052     0.75324     0.80722    -0.19465     0.66634    24.57926     0.31103     0.82790    -0.61139     0.92171    -0.91487    -0.01396     0.84469    -0.78948    -0.22313     0.43044    -0.15347     0.79690    -0.49977     0.60095    -0.87290     0.87855
     0.92757    -0.55099     0.57468    -0.48350    -0.47916     0.43766     0.51937    -0.42559     0.54714     0.27261    -0.61837    -0.64751    -0.06105     0.69266    -0.81961     0.32756     0.61437    17.89058    -0.73448    -0.68640     0.45906    -0.52396     0.09047    -0.11050     0.32258    -0.11263     0.38973    -0.07648     0.01447     0.26829    -0.35446    -0.81545     0.19585
     0.71236     0.61538     0.19688     0.23173    -0.81021    -0.25598    -0.49566    -0.42859     0.09651     0.44329    -0.73593     0.27690    -0.22915     0.87844     0.54242     0.08444     0.33751    -0.98153    22.31057    -0.82509    -0.77299     0.34104     0.06228     0.61674    -0.73543    -0.92325    -0.11497    -0.08990    -0.73870    -0.91912    -0.99535    -0.97947     0.79324
     0.02497     0.80981     0.96144     0.52931    -0.61878     0.05795    -0.02740    -0.35471    -0.66515     0.74345    -0.47626     0.87728    -0.17211     0.86124     0.89574     0.00280    -0.91175     0.23678    -0.93492    23.55585     0.70499     0.50135    -0.85817    -0.40998    -0.58855    -0.59687    -0.32910    -0.58390    -0.57634    -0.53586    -0.96387     0.64107     0.48911
     0.01842    -0.77284    -0.33955     0.99102    -0.12754    -0.00469     0.73447     0.39619    -0.12742    -0.43764     0.25744    -0.23167     0.56516     0.34569    -0.99489     0.63024     0.05068     0.50646     0.77207     0.64071    18.81009     0.91791    -0.82480    -0.68839    -0.66599    -0.40115    -0.22425    -0.62986    -0.76008    -0.73514    -0.78392     0.84243     0.28328
     0.27430     0.31570     0.49819     0.00878    -0.28811    -0.62922     0.57114     0.96933     0.13910     0.13630     0.31501     0.14421    -0.23346    -0.63430    -0.34933    -0.46139    -0.99360    -0.43141    -0.28620    -0.68199    -0.09740    18.15634     0.31266     0.09377     0.27274     0.55258     0.35863     0.48882     0.39501    -0.35809     0.93206     0.89789     0.91622
    -0.07501     0.95965     0.76686    -0.50387     0.92898    -0.09404     0.63243     0.24399    -0.94983    -0.60103     0.60969    -0.29916    -0.06242     0.61609     0.26943     0.65138     0.93410    -0.82797    -0.03596     0.02787     0.44478    -0.48338    16.78157    -0.61350    -0.06640     0.91163     0.02841    -0.13433     0.80952    -0.05538    -0.88657     0.20561     0.86962
    -0.63426    -0.99795     0.87843     0.99817     0.24604     0.92860    -0.60286    -0.14427    -0.37056     0.33472    -0.52818     0.89887    -0.01390    -0.59407    -0.92909     0.95014     0.43380     0.51569    -0.53324     0.82030    -0.55071    -0.62161    -0.15130    23.94752     0.31495    -0.81209     0.79333     0.42838     0.39351     0.66294     0.50146    -0.63402    -0.97131
    -0.97314    -0.25044    -0.82700    -0.57599     0.60529    -0.19755     0.75873    -0.92289    -0.29868    -0.25517    -0.51696    -0.22777    -0.30503     0.91683    -0.71209     0.16173     0.73713    -0.26280     0.54012    -0.41417    -0.94785     0.72803    -0.62084     0.48053    21.98735     0.12154    -0.95789    -0.01801     0.48752    -0.92920    -0.51450     0.73193    -0.90234
    -0.47834    -0.15966    -0.29262    -0.71961    -0.08255     0.40870     0.02522     0.40049    -0.81907     0.72019     0.31732    -0.53116    -0.11808     0.05445     0.20604    -0.57796     0.64028     0.25819    -0.84993    -0.98055    -0.26129     0.27162    -0.93845     0.72070    -0.24086    17.01122    -0.86765    -0.79380    -0.50893    -0.76999     0.44125    -0.60399    -0.24833
     0.03206     0.19904    -0.48791    -0.94272    -0.40048    -0.30699     0.77747     0.91684     0.16185    -0.34061    -0.02871    -0.63211     0.08144    -0.38843     0.62607     0.23151    -0.36898    -0.63521    -0.49687    -0.30743    -0.91451     0.26227    -0.17508    -0.70832     0.75334     0.05493    19.05482     0.73293    -0.85065     0.80660    -0.98548     0.25274    -0.16134
    -0.10406     0.81308    -0.54216    -0.32659     0.72993     0.61969     0.33281    -0.29878     0.98757    -0.58575     0.31279     0.61365     0.64576     0.94381     0.97843    -0.85112    -0.36362    -0.93608     0.41115     0.46130    -0.64440     0.16450    -0.48378    -0.91146     0.31385    -0.67718    -0.89694    22.29716    -0.43342     0.16148     0.31662    -0.66859    -0.94258
    -0.26916    -0.14037    -0.59107    -0.93635     0.56084    -0.60349    -0.52211    -0.12637    -0.98984    -0.87635    -0.18256     0.98859    -0.72747     0.45382    -0.94749     0.68368    -0.08489    -0.59189    -0.15182     0.43133    -0.50335    -0.83797     0.75416    -0.40029    -0.27139    -0.08436     0.91633     0.06002    22.07766    -0.02694     0.04604     0.84926     0.70390
     0.76755     0.46651    -0.34529    -0.75456    -0.65986    -0.33514    -0.63091     0.15758    -0.34655    -0.35838    -0.38860    -0.29404    -0.67470     0.52651     0.11408     0.17348    -0.04216     0.61073     0.33551    -0.28800    -0.78956    -0.93588     0.62764    -0.87323     0.12414    -0.39930     0.17281    -0.02660    -0.69540    16.51504     0.07847     0.23160    -0.92785
    -0.68241    -0.11488    -0.44883    -0.31332    -0.95730     0.20462     0.32830    -0.34591     0.91058     0.65361    -0.81940     0.02466    -0.17291     0.13844    -0.36461    -0.83740     0.85044    -0.15417    -0.77328     0.47808    -0.02740     0.35085    -0.92122    -0.85459    -0.67574    -0.61662     0.22388     0.55585    -0.54447     0.76886    18.41665     0.44216    -0.22688
     0.45980    -0.30332     0.19795    -0.21189     0.35077     0.10853    -0.55829     0.53138    -0.86681     0.26881    -0.33018    -0.23142     0.43141    -0.47974     0.61440     0.65812     0.99834    -0.41300     0.00898    -0.92288    -0.26759     0.33323    -0.53951     0.95630    -0.11091    -0.08398     0.72516    -0.66875     0.68915    -0.62086    -0.67542    18.45536     0.14895
     0.93706    -0.57341    -0.36894    -0.62123     0.95797    -0.23575     0.64758    -0.37221     0.53283     0.07899     0.14805     0.14723    -0.26289     0.14638     0.73424     0.74609     0.22350    -0.53335     0.07932     0.68400    -0.57706     0.96841    -0.39998    -0.85190    -0.70034    -0.71083    -0.47276    -0.37576     0.43812     0.60305    -0.85323     0.37518    17.43173
Tot number of iterations: 11

The Augmented Matrix (33x33)
    24.44866     0.91016     0.90930     0.72316    -0.33422    -0.75091     0.28783     0.10619     0.78933    -0.48039     0.21728    -0.35522     0.63496    -0.55820    -0.91187     0.81171    -0.68124     0.29861    -0.69231     0.82474     0.91275     0.56945     0.44263    -0.14258    -0.64102    -0.81662     0.32592     0.39500    -0.48498     0.94478     0.90547    -0.19794     0.85494
    -0.47928    22.80874    -0.93614     0.81305     0.62690     0.85319    -0.66734    -0.15582    -0.50202     0.96762     0.28598    -0.41389     0.77933     0.60474     0.88472    -0.91299     0.42948     0.79748     0.65646    -0.12789    -0.34510    -0.98456     0.05549     0.98082     0.41044     0.57051     0.92560     0.31591    -0.62743     0.78055     0.13069    -0.10221    -0.69873
     0.92817     0.04774    18.89507     0.04349    -0.22765     0.54572     0.01111    -0.94167    -0.86817    -0.20956     0.66307    -0.98344    -0.12255     0.09255     0.81403    -0.46609     0.96465    -0.53107    -0.45064     0.02014    -0.55025     0.95980    -0.40935    -0.62464     0.27571    -0.03678    -0.84410    -0.59361     0.86101    -0.54283     0.60094    -0.42816    -0.61466
     0.15769    -0.80559    -0.37355    19.28758     0.21603    -0.67376     0.41688    -0.12090    -0.65720    -0.70567     0.97165    -0.84317    -0.17175     0.93630    -0.37424     0.37760    -0.04356     0.07551     0.33740     0.54710     0.45087    -0.38689    -0.48969     0.60677     0.01950    -0.62868    -0.93606    -0.37955    -0.05684    -0.55072     0.26913    -0.44150     0.60697
    -0.17700     0.78979    -0.39817     0.70210    20.35522    -0.86742    -0.10384     0.67374    -0.71059     0.72441     0.61004    -0.08483     0.10201    -0.43351     0.99069    -0.56059    -0.88642     0.44156     0.05252    -0.37610     0.04833    -0.92798    -0.00478     0.11228    -0.30754     0.93838     0.56156     0.96159    -0.50312     0.16853     0.42514     0.68183     0.99153
     0.69363     0.34751     0.17982     0.36737     0.63692    17.16412    -0.09577    -0.02259    -0.44790    -0.99376     0.54390    -0.45722    -0.55435     0.65748     0.98434     0.49816    -0.71863     0.03268     0.57018     0.27659    -0.85505    -0.73736     0.21497     0.70651    -0.77576     0.71186    -0.12496     0.64938     0.39369    -0.13343    -0.13570     0.67734    -0.43980
     0.92756     0.84873     0.76139    -0.09503    -0.59917     0.76763    21.47597    -0.55113    -0.05639    -0.78672    -0.89365    -0.07204     0.71144    -0.61228     0.96063     0.28162     0.66431    -0.89442     0.54427    -0.12071     0.81209     0.76850    -0.40886    -0.31287     0.41788     0.98483     0.55370    -0.71782     0.66217    -0.88610    -0.50601    -0.48066    -0.95854
    -0.05356    -0.25645    -0.95164     0.39531     0.68716    -0.73837     0.50165    19.33812    -0.38489     0.97308     0.88937    -0.42425     0.25470     0.55369    -0.31867    -0.20103    -0.56703    -0.50658    -0.43253     0.02412     0.18055     0.98535     0.00895    -0.26575    -0.73248    -0.32888    -0.15185    -0.23849     0.19046    -0.11039     0.10423     0.47118     0.83604
     0.23135     0.53493     0.78117    -0.26700    -0.84995     0.75425    -0.37762    -0.27421    22.11586     0.00895    -0.82393     0.40712     0.80791    -0.39096     0.90054    -0.62462     0.63316     0.08109    -0.63927    -0.35789     0.81534    -0.37175     0.31323    -0.33651     0.38976    -0.49631     0.55310    -0.50601     0.97487     0.38914    -0.65823     0.49441    -0.37951
     0.35349    -0.97326     0.02983     0.97587    -0.24746    -0.96122    -0.84806    -0.84034     0.84670    19.20430    -0.23902    -0.93980    -0.77792    -0.60587     0.14129    -0.41719     0.03624    -0.04336     0.21106    -0.65053     0.62013    -0.39918    -0.14684     0.17323     0.09481    -0.17197    -0.43763     0.43658    -0.67755     0.18286     0.31328     0.59803    -0.46365
    -0.48777    -0.90744    -0.33335    -0.33584    -0.74778    -0.48666     0.42514    -0.68758    -0.26458     0.81928    17.33801     0.45371     0.31823    -0.14448    -0.58965    -0.47071     0.20499    -0.96952     0.13011    -0.94185     0.20370    -0.77508    -0.11382     0.76607     0.66150     0.20863    -0.05107    -0.02523    -0.19334     0.48528    -0.68521     0.43453     0.99751
    -0.33833    -0.34043    -0.38548    -0.91319    -0.02801     0.34994     0.90609    -0.57430    -0.33183    -0.23840    -0.16395    18.51138     0.19746     0.96659    -0.13347    -0.67244    -0.97526    -0.92977    -0.44751    -0.08908     0.83630    -0.78602    -0.88045    -0.21477     0.18876    -0.07379    -0.72949     0.50355    -0.63926    -0.73198     0.91090    -0.53809    -0.07031
     0.01650     0.54246    -0.57362    -0.07741     0.96816     0.09455     0.68419    -0.19579    -0.70800     0.65078     0.67074    -0.38043    17.64244     0.67552     0.74097     0.17205    -0.41356     0.57727     0.38604    -0.29401    -0.63750    -0.42520     0.63221    -0.36699    -0.92165     0.99295    -0.09897     0.98925    -0.54514     0.83072    -0.44027     0.53129    -0.15278
     0.76980    -0.92965     0.05222     0.45399    -0.12544     0.34422     0.10477    -0.45470     0.96379    -0.21971    -0.71373     0.13584     0.36674    22.82684     0.86355    -0.47812    -0.92727    -0.77395     0.09668     0.70494    -0.14094     0.17503     0.69788     0.76009     0.16428    -0.84726     0.59081     0.72401     0.68404    -0.56197     0.82620     0.64171    -0.79217
     0.66183    -0.22889    -0.96185    -0.23340     0.31641    -0.99806     0.54689     0.60268     0.13778    -0.08637     0.46623     0.65966    -0.01364     0.69228    20.55140    -0.24366    -0.30870    -0.44866     0.93137    -0.61082    -0.68857     0.09565    -0.45808     0.90224    -0.18034    -0.77404    -0.65973    -0.35415     0.86766    -0.45189    -0.45760    -0.43841    -0.79007
    -0.02347    -0.37008    -0.39832    -0.47658    -0.76740     0.73946     0.43705     0.69883     0.39912    -0.57659     0.39111    -0.84453     0.11470     0.94245    -0.91316    20.95446     0.50388    -0.74612     0.18249    -0.95420    -0.84388    -0.99785    -0.72824    -0.50360    -0.35200    -0.86057     0.04450     0.19040    -0.29898     0.25444    -0.49609     0.30075    -0.76903
    -0.24561     0.36643     0.64189    -0.80856     0.06526     0.04101    -0.38515    -0.54364     0.19648     0.72956    -0.60119     0.28331     0.23344    -0.34731    -0.53420     0.27924    19.18729    -0.19119    -0.53205     0.55100     0.30521     0.11596     0.69043    -0.65029    -0.69364    -0.60855     0.60415    -0.18973     0.69220     0.83511     0.94410     0.59463    -0.41049
    -0.21905    -0.62422    -0.72247     0.39580    -0.16786     0.47400     0.12536     0.23095    -0.24268    -0.64120     0.88364     0.22312     0.63804    -0.30755     0.69107     0.18904     0.99766    19.77149    -0.19297    -0.12053    -0.65264     0.11339     0.27092     0.95151     0.92366    -0.03688     0.78662     0.86776    -0.44226    -0.62387     0.17828     0.79426     0.15708
    -0.44712    -0.61380     0.54579     0.67823     0.61715    -0.69689    -0.96297     0.50079     0.52623     0.67507    -0.80676     0.21730    -0.13589    -0.80911    -0.97567     0.74358    -0.46174     0.13772    19.11151     0.01449    -0.51023     0.06139     0.97761    -0.72361    -0.07086    -0.46465    -0.34748    -0.89258    -0.67038     0.80959     0.66148    -0.59860    -0.63753
    -0.95930     0.66483    -0.74970    -0.92227     0.16562     0.77653     0.75280     0.35886    -0.00616    -0.38309     0.54975     0.01817    -0.63952    -0.91199    -0.84410     0.37498    -0.42222     0.21728     0.35259    23.46974    -0.14583    -0.85358     0.88794     0.50668    -0.74615    -0.78244     0.31628     0.91533    -0.38104     0.67875     0.96302    -0.43384     0.71945
     0.79719    -0.20653    -0.40701     0.54998    -0.84767     0.58683    -0.83311     0.70209    -0.39500    -0.47263     0.79010    -0.23910     0.90235    -0.63213     0.97818     0.25494     0.22204    -0.87540     0.14288    -0.27128    21.27601    -0.62155     0.36044    -0.95500    -0.70622     0.97940     0.72375    -0.74320    -0.45444     0.44321     0.88465     0.36202     0.24039
    -0.20962    -0.16954     0.54184    -0.04273    -0.46745    -0.85316     0.48464    -0.67736    -0.09226     0.38699    -0.30948    -0.11409    -0.35807     0.91256     0.01051     0.78482    -0.35872     0.38896     0.14526    -0.31371     0.68275    18.15868     0.12467    -0.58996     0.93955     0.67023     0.85325     0.82420     0.03225     0.09364    -0.49767    -0.01274     0.88402
    -0.15872     0.86534    -0.32406    -0.67407    -0.81201     0.58368     0.71292    -0.12150    -0.53041    -0.64515    -0.20894     0.48011    -0.86033     0.43234    -0.13093     0.28493    -0.88137    -0.44818    -0.59040    -0.47133    -0.50863    -0.92017    18.03810    -0.61808    -0.68443     0.11207     0.47556    -0.18210    -0.90067     0.35957    -0.84930    -0.37157    -0.79914
    -0.47322    -0.79597    -0.11194    -0.76030     0.08253     0.35765    -0.40544     0.87359    -0.16224    -0.26577     0.30594     0.70683    -0.98084     0.42457    -0.74135    -0.57124     0.95323    -0.24998    -0.49141    -0.66485     0.06559     0.62066     0.81070    19.77427     0.88350     0.71999     0.17028    -0.96581    -0.65158     0.37113    -0.94977     0.65280     0.89792
    -0.86238     0.33679     0.89851    -0.26782     0.21038    -0.26373     0.46641    -0.48368    -0.55690     0.48557     0.94088    -0.29825     0.91433     0.89412     0.45177    -0.57708    -0.77073    -0.48263    -0.95643    -0.96003    -0.59914     0.76356     0.21025    -0.56494    19.85188    -0.88801    -0.41862    -0.51471     0.76479    -0.52070    -0.26045    -0.69435    -0.38308
     0.34910     0.28673    -0.05957    -0.18449     0.80304     0.38353    -0.69892     0.74393    -0.91471    -0.78459     0.63805     0.53706    -0.36168     0.86731    -0.94558    -0.31810     0.90728    -0.54471    -0.55454     0.11753    -0.10966    -0.44255     0.69891     0.37564    -0.67776    22.11637    -0.82179    -0.88481    -0.37211    -0.20487    -0.80847    -0.16795    -0.85577
    -0.04026     0.28130     0.15602     0.26081     0.02523     0.24130     0.47622    -0.33673    -0.22164    -0.88545    -0.46942    -0.16721    -0.20356    -0.56213     0.28807     0.24191     0.55539    -0.82158     0.79936     0.25430     0.55405    -0.87840     0.43251     0.66924    -0.25051    -0.77236    16.49089     0.86077     0.58154    -0.62813     0.33902     0.35403     0.33161
    -0.40758     0.64555     0.75135    -0.93135    -0.69118    -0.47029    -0.81681    -0.16060     0.36250    -0.02036     0.27727    -0.34942    -0.77846    -0.16734    -0.17101    -0.97910    -0.91303    -0.61695    -0.85750     0.51948    -0.94771    -0.10801     0.74712     0.91306    -0.52647    -0.88101     0.25208    23.82742     0.82756     0.45060     0.87241    -0.66240    -0.95697
    -0.88833     0.82678    -0.38133    -0.70513    -0.33382     0.98117     0.27450     0.94345    -0.36826     0.49604    -0.22389     0.46074     0.51694    -0.13692     0.84379     0.65944    -0.61744     0.89607    -0.44858    -0.87032     0.80913     0.02495    -0.75132     0.06121    -0.14749     0.69928    -0.06638     0.19011    18.74246     0.74231    -0.54843     0.27907     0.85398
    -0.85115    -0.05547     0.87890     0.42335    -0.11202    -0.48935    -0.08060     0.66410     0.97139    -0.56366    -0.47282     0.81517    -0.90422    -0.09026     0.71125    -0.35280     0.03942     0.52038     0.67215     0.28810    -0.41841    -0.47534    -0.01262     0.51521     0.71477    -0.27032     0.96679    -0.00617    -0.41633    18.85747    -0.75486    -0.10843    -0.26748
    -0.84413    -0.92235     0.28112     0.07526     0.74174     0.25250     0.51160    -0.73108     0.06767     0.60738     0.17866    -0.22108    -0.74542    -0.78192    -0.70070     0.92673     0.50618    -0.11911    -0.54862    -0.50644    -0.60390    -0.83385     0.22324    -0.63711     0.15998     0.80691    -0.39198    -0.94845    -0.46058     0.79769    22.30442    -0.17798    -0.30471
     0.77055     0.61708     0.35564     0.28216     0.88600    -0.57669    -0.11046     0.06466     0.20223     0.14411     0.28274     0.50153     0.07084    -0.21108    -0.61758     0.52222     0.28248    -0.22148     0.68837    -0.49428     0.14141    -0.15164    -0.68738     0.74943    -0.10009    -0.14796     0.54712     0.72193     0.54733     0.42246     0.82507    16.86075     0.31789
    -0.39996    -0.07446     0.60402     0.48958     0.99020    -0.19374    -0.36631     0.27294    -0.69221     0.70453    -0.93814    -0.30979     0.22675     0.34434     0.46873    -0.08488     0.85006    -0.38986     0.76348    -0.83732    -0.64042    -0.33661     0.01473     0.90670    -0.61468    -0.43794     0.32916    -0.78961     0.87994    -0.63130     0.39110    -0.52001    20.72911
Tot number of iterations: 10

The Augmented Matrix (33x33)
    22.65349     0.19519    -0.91001     0.12245    -0.97247     0.38888     0.85213    -0.61364    -0.79176    -0.08374    -0.94949    -0.36401    -0.67914     0.64226     0.99597     0.84070    -0.59671     0.94810    -0.20562    -0.55696     0.60314    -0.55642     0.84026     0.46730    -0.36013    -0.26785     0.38433     0.00365    -0.86547    -0.22164     0.31188     0.58397     0.97355
    -0.99892    16.51651    -0.20925    -0.44145    -0.61256    -0.00101     0.47482    -0.56205     0.63497     0.79568    -0.91979     0.63094     0.63639    -0.51650     0.57904    -0.56923    -0.07346     0.18218    -0.12566    -0.23320    -0.35052     0.51422     0.49895    -0.96619    -0.48213     0.63348    -0.18783     0.82975     0.21745    -0.21428     0.23161     0.92387    -0.21320
     0.17423     0.02135    20.44996     0.95724     0.61218    -0.34368     0.75293     0.69239    -0.71274     0.38931    -0.82412     0.86630     0.82008     0.10243     0.04849    -0.30558     0.86923     0.69797    -0.79136     0.36818     0.73178    -0.27349     0.00166    -0.45605    -0.44374    -0.78089     0.32967     0.78787    -0.85701    -0.88353     0.81024    -0.37459     0.29070
    -0.09712     0.48790    -0.66442    23.30613    -0.40474     0.77517     0.72490    -0.22885     0.64147     0.54497     0.87358    -0.31004    -0.76061     0.74280    -0.61207    -0.55197     0.11098    -0.88029     0.17454    -0.88736    -0.33634     0.73080    -0.66824     0.99333     0.51867    -0.52526    -0.89020     0.32891     0.10016     0.40049    -0.83951     0.68281    -0.69663
    -0.10137     0.42357     0.74329     0.66978    18.98770     0.06504     0.28827     0.54335     0.75500     0.52766     0.28616    -0.85707     0.97569    -0.60286    -0.73736     0.15023    -0.49021    -0.07370    -0.11897    -0.15846    -0.08037    -0.60029     0.31629     0.02943     0.72862    -0.58356    -0.57008     0.88911    -0.90074    -0.26671     0.53751    -0.88234     0.63193
     0.30171    -0.97388     0.14922    -0.15494     0.78112    20.20707    -0.32312    -0.86878     0.92405    -0.34743    -0.47164    -0.81331     0.80281     0.03815     0.11299    -0.31616     0.87969    -0.96737     0.08355     0.19598     0.06206    -0.18783     0.61242     0.49198    -0.29872     0.71168    -0.77473    -0.76121     0.82933     0.85720     0.19987     0.69029     0.15891
    -0.99603     0.00710     0.51638    -0.86481    -0.06885    -0.83104    20.66391    -0.33645     0.11784     0.97176     0.70170    -0.76917    -0.34440     0.58139    -0.73655     0.73915    -0.22264     0.32551    -0.44868    -0.61022    -0.18251     0.25259    -0.89854     0.04276     0.49138     0.93080    -0.10004    -0.30875     0.62108    -0.94113     0.91724    -0.53942    -0.93716
    -0.80197     0.85549    -0.85408    -0.13843    -0.02667    -0.88231    -0.43673    19.09583     0.20415    -0.22671    -0.85534     0.46761    -0.48756    -0.07798    -0.20688     0.06376     0.31180     0.61061    -0.68365     0.41326    -0.34663     0.80774     0.34406     0.55333    -0.50101    -0.03486     0.61221    -0.58378     0.42572     0.67504     0.34056     0.40269     0.87307
    -0.26536    -0.83062     0.66630     0.29791     0.37353    -0.56041     0.44257    -0.15886    20.54985    -0.04796    -0.63541     0.63426    -0.98420     0.67639     0.24486    -0.66785     0.08965     0.89823    -0.86011    -0.56629     0.45157    -0.36112     0.39885     0.06377     0.05510    -0.17543    -0.26118    -0.60434    -0.77273    -0.38811     0.59171     0.77588     0.34653
    -0.35556     0.13462     0.88178    -0.91299     0.97576    -0.16619    -0.54840     0.61002    -0.15039    21.55911    -0.87201    -0.14512     0.18176     0.21764    -0.24689     0.32165     0.65135    -0.79532     0.96053     0.05020     0.26846     0.01563     0.87477    -0.99272     0.41129    -0.89796    -0.38083     0.00301     0.87792     0.96570    -0.23590     0.32011    -0.38986
    -0.30285     0.87448    -0.96431     0.14875     0.48450    -0.11470     0.27674    -0.66062    -0.93294    -0.50562    18.36197     0.09250     0.38871    -0.85428     0.29718     0.34924     0.19592    -0.43436    -0.63514     0.07070    -0.42709     0.77616     0.17274     0.19208    -0.22084     0.05066     0.15778     0.54326    -0.62924     0.76792     0.44198     0.57265    -0.53493
     0.61383    -0.19904    -0.50636    -0.10943     0.14034    -0.43929     0.38494    -0.76716     0.94942     0.53067     0.53002    20.04264     0.29866    -0.27341    -0.90435     0.66352     0.79729    -0.33144     0.43968    -0.02998     0.86064    -0.78116    -0.97932     0.01842     0.76210    -0.60855    -0.21366     0.20408     0.96409     0.25141    -0.47946     0.57243    -0.13476
     0.75580    -0.53816    -0.37322     0.14074    -0.30533    -0.42380    -0.32859    -0.77531     0.87485     0.39800    -0.67966     0.53837    18.12151     0.19529    -0.01110    -0.02195    -0.83469    -0.15046     0.19689    -0.81401     0.86796    -0.04102    -0.42256    -0.34570    -0.83694    -0.45847     0.90571    -0.31641    -0.88604    -0.22905    -0.99491    -0.81996    -0.47325
     0.66749     0.16160     0.38302    -0.66110     0.38629     0.25787     0.73690     0.70663    -0.20376    -0.06781    -0.30447     0.77429     0.09750    16.47536     0.54507    -0.02882     0.28349     0.41304     0.93016     0.86093    -0.93267    -0.90678    -0.59754     0.97304    -0.22319    -0.48358    -0.25601    -0.21810    -0.30354     0.27074     0.24883     0.50328    -0.06176
     0.27714     0.79672    -0.85583     0.01404     0.50334    -0.05959     0.94623    -0.80113    -0.28529     0.04373     0.74395     0.68589    -0.67278     0.15698    18.41345     0.61605    -0.81185     0.22432     0.70927    -0.40939     0.19736    -0.51392     0.10703     0.94135     0.26799     0.80350     0.21210    -0.48318     0.30678    -0.84967    -0.07275    -0.80692     0.42748
    -0.55848    -0.77269     0.27767    -0.61225    -0.57382     0.99237     0.43148    -0.82987     0.67826     0.75870     0.32711     0.29430     0.94685    -0.44857     0.00357    18.59268    -0.46254     0.74879     0.48965     0.64449     0.69014    -0.24236     0.44799    -0.09776     0.27445    -0.24523     0.05257    -0.79830    -0.05215    -0.51995    -0.07433     0.28510    -0.07843
     0.30932     0.57916    -0.44486    -0.25919     0.74929    -0.76660    -0.50049     0.07640     0.52770    -0.55364     0.62782    -0.46873    -0.01618     0.37661    -0.97908    -0.37169    21.57943     0.06675    -0.22144    -0.92370     0.96899    -0.94699    -0.16892     0.02157    -0.74529     0.77893     0.50161     0.18038     0.06403    -0.57681    -0.66664     0.62680     0.73251
    -0.52668     0.66181    -0.58466    -0.02717    -0.26180     0.94304     0.41919    -0.63397    -0.52568    -0.59699     0.74264    -0.50476     0.03132    -0.19061     0.27380     0.10763    -0.22162    17.26670     0.32681     0.93870     0.79995     0.58153     0.71763     0.30156    -0.23809    -0.21833     0.72475     0.09527    -0.59153     0.45726     0.00778    -0.40958     0.93058
    -0.09660     0.40779    -0.05120    -0.67741     0.77382     0.42312    -0.27440     0.51646     0.91836     0.75692    -0.67414     0.19216    -0.13546     0.10424    -0.48103    -0.19676    -0.09581    -0.89951    18.75468    -0.47913    -0.79425    -0.13760     0.30254     0.93050     0.95767     0.71101     0.38776    -0.03455    -0.69857     0.31834     0.63504     0.30718    -0.77826
    -0.45567    -0.18334     0.67911     0.26993    -0.66688     0.59746     0.02684    -0.34102    -0.21038     0.89138     0.76322     0.30859    -0.30537    -0.33259     0.40908     0.21550    -0.12684    -0.72852    -0.48196    18.67966    -0.19633    -0.77085    -0.77095    -0.80857     0.19460    -0.46952     0.50977    -0.17035     0.83766     0.73151     0.87248    -0.90635    -0.72416
     0.54577     0.02226     0.37022    -0.42739     0.68124    -0.84016    -0.53601     0.44446     0.46843     0.15862    -0.88814    -0.12249    -0.62588    -0.01498     0.14899    -0.10784     0.78869     0.37814     0.12121     0.98012    17.53659    -0.42725     0.65168     0.48989     0.40240     0.48934     0.22140     0.27488     0.58299     0.49724     0.96402     0.35574     0.04301
     0.61562    -0.33247    -0.11421    -0.92039    -0.88802    -0.64578     0.23822    -0.77615     0.23173     0.61234     0.20887    -0.61928    -0.49551    -0.00244     0.75886     0.62570    -0.02232    -0.66839     0.27738    -0.53243     0.73401    18.53053    -0.23328     0.68897     0.00889    -0.65029     0.18621    -0.02708     0.70545    -0.77078     0.95920    -0.56859     0.84483
     0.92444    -0.26128     0.67142     0.16267    -0.03744    -0.09685    -0.22500    -0.82857     0.28387     0.27950     0.16899     0.04274    -0.09480    -0.85333     0.37435    -0.81742    -0.38577     0.10836    -0.05070    -0.69680    -0.88275     0.29901    14.34538     0.48941     0.09017     0.00446     0.71862     0.04937     0.43586     0.56346     0.67610    -0.24693     0.48790
    -0.34944     0.37738     0.32764     0.42557     0.54881    -0.38849    -0.29494    -0.28219     0.65425     0.61026    -0.13553     0.02859     0.79284     0.47871    -0.86304    -0.25786     0.78191    -0.74579    -0.95885     0.27131     0.34438     0.04561    -0.01006    20.80587    -0.60625    -0.51853    -0.44661    -0.93014     0.23454    -0.95871    -0.51532     0.65903    -0.30815
    -0.88258     0.41087     0.59817    -0.17752    -0.87132     0.25242    -0.56726    -0.00685    -0.71899    -0.77442    -0.52814    -0.58203    -0.03228    -0.74623    -0.32782     0.00887     0.52508    -0.98344    -0.94552    -0.48498    -0.58969    -0.46405     0.06841    -0.51984    17.48352     0.77049     0.10970    -0.03516     0.42951     0.80155    -0.17311    -0.58382     0.91896
    -0.25856    -0.63356     0.26677     0.17418     0.35960     0.54778     0.39976     0.83145     0.96575    -0.63252    -0.91478    -0.36208     0.37635     0.61030    -0.34552     0.43083    -0.87468     0.06479     0.96678     0.19373     0.54495     0.73726    -0.69657    -0.49021     0.16677    22.89484    -0.89503     0.33668     0.58295    -0.97607     0.57445     0.59730    -0.23462
     0.93956     0.30049    -0.58816     0.33932     0.13194    -0.62241     0.70680     0.21716     0.01551     0.08315    -0.17253     0.66999    -0.48603    -0.04721    -0.26523    -0.51925    -0.85348    -0.72028    -0.78199    -0.55006    -0.21049     0.38478    -0.44509    -0.87381    -0.03227    -0.42115    17.56741     0.70064    -0.43497     0.34422     0.64153     0.42909     0.28378
    -0.37690    -0.92604    -0.78148    -0.67011     0.29112     0.23403     0.41304    -0.88141    -0.09598     0.92701     0.07138     0.63879    -0.59224     0.21790     0.91852    -0.37423     0.66784    -0.29197    -0.98945    -0.77725    -0.16578    -0.02172    -0.19840    -0.46514     0.54332    -0.85418    -0.82361    19.89930    -0.02759     0.42960     0.11840    -0.18666    -0.94731
    -0.61741    -0.51652    -0.73410     0.79563    -0.39792     0.16992     0.72264     0.67345    -0.19129    -0.86960    -0.10865    -0.27277    -0.24384    -0.44081     0.43526    -0.23329    -0.21806    -0.73053     0.74500     0.58353    -0.19567     0.28831     0.72935    -0.01929    -0.73928     0.15895    -0.90088     0.07407    20.23486     0.21165     0.29148    -0.89407     0.59424
     0.38986    -0.62296     0.54175     0.11250    -0.94951    -0.64954     0.24289    -0.05816     0.07769     0.99906     0.50102    -0.48706    -0.23423    -0.71704    -0.21758    -0.48923     0.86649     0.58674     0.79908     0.59585    -0.43254    -0.94019    -0.24520    -0.33343     0.13387     0.96645     0.95805     0.23981     0.56069    17.61771     0.73301     0.61164    -0.04945
    -0.93695    -0.83946     0.50384     0.30594     0.10238    -0.41847     0.30500    -0.39660     0.09447    -0.92923    -0.11364     0.87689    -0.41846    -0.24714     0.46363    -0.61938    -0.65129    -0.96891    -0.55957     0.10351    -0.30234     0.57430     0.06996    -0.34429    -0.18589    -0.36935    -0.61127    -0.57425     0.58120    -0.50123    17.84050     0.57913     0.64424
    -0.04981     0.76169     0.66450    -0.74481    -0.63490    -0.24102    -0.67404     0.25146    -0.36414    -0.09250    -0.99568    -0.90051     0.28812    -0.64697    -0.86942     0.72855     0.45654    -0.17176     0.30285    -0.47350     0.48395    -0.88303     0.15715     0.87268    -0.45729    -0.26166    -0.62855    -0.87815    -0.61741     0.03076     0.20483    19.10217     0.33277
     0.58796     0.15755     0.62830     0.91392    -0.59099    -0.73583    -0.17858    -0.58667    -0.63634    -0.89046    -0.23364    -0.50577     0.83809    -0.77710     0.32247     0.14095    -0.25060    -0.19358     0.25791     0.90655    -0.32090     0.80063    -0.35511     0.05055     0.92248     0.02748    -0.91869     0.12730    -0.63975    -0.12623     0.99663     0.94821    17.64553
Tot number of iterations: 11
