
The Augmented Matrix (23x23)
    13.08762     0.64630     0.52443     0.57003     0.78985    -0.79964     0.82675    -0.11476     0.51752    -0.58522     0.57530     0.80518     0.23455    -0.13323    -0.07331    -0.31106     0.67797    -0.78400    -0.44971     0.92327     0.51560    -0.25517    -0.68033
     0.86904    17.56884    -0.98775    -0.22283     0.65846     0.44491    -0.04202    -0.32217     0.09120    -0.51759    -0.75214    -0.11894    -0.31724    -0.92540     0.76630    -0.79972    -0.51062     0.34160    -0.99454     0.72394    -0.79163    -0.06785    -0.58712
    -0.03683     0.80960    15.87870    -0.33625     0.70800    -0.87073    -0.21847    -0.97365     0.99831    -0.20622    -0.19649     0.65677    -0.76131     0.76149    -0.66540     0.32989    -0.75610    -0.41754    -0.78905    -0.07333    -0.34294     0.97725     0.12695
     0.13240    -0.12962     0.52722    12.62407    -0.93545     0.28326     0.41355     0.21270    -0.75357     0.22315     0.87645     0.95443     0.35242    -0.34201     0.98077     0.35073     0.45177    -0.21571     0.00750     0.69046    -0.45422     0.34210     0.02035
     0.23130     0.71635    -0.41838     0.20856    17.21723    -0.15670     0.72807    -0.47259     0.97570    -0.40155    -0.94538    -0.95974     0.88171     0.46817     0.25296    -0.87186    -0.30868     0.12941    -0.91743    -0.95626     0.78739    -0.93665     0.39448
    -0.59802    -0.07037     0.39341     0.74408     0.94998    15.30615    -0.81690     0.66864     0.18128     0.89945    -0.74973    -0.61016    -0.25726     0.97834    -0.08275    -0.28156    -0.42321    -0.02813    -0.24130    -0.54150    -0.55996    -0.98834    -0.41335
    -0.33078     0.17511    -0.07154    -0.26743    -0.43041    -0.83238    11.69713     0.58020    -0.02844     0.09725    -0.02639    -0.28435     0.04723     0.15671    -0.61571    -0.77149     0.05616    -0.36545    -0.38165     0.79890    -0.38711     0.53560    -0.48266
     0.27604     0.64819    -0.05250     0.28770    -0.76517    -0.92113    -0.57124    13.15166    -0.09595     0.25398     0.35722     0.63662     0.82356     0.52485     0.21682    -0.20487    -0.37790    -0.80957     0.51077     0.66932     0.34714     0.89506     0.89784
    -0.48381    -0.79781     0.14251    -0.94822    -0.28047    -0.66781    -0.44076     0.99557    15.41703     0.98037     0.50675     0.28327    -0.78479     0.58562     0.71203     0.11926    -0.16041     0.06925    -0.24413    -0.33685    -0.40590     0.97269     0.45828
    -0.03095    -0.11448     0.51026    -0.13589    -0.21665     0.91355     0.39373     0.29954    -0.88426    14.46091    -0.46376     0.35132    -0.16473    -0.13158     0.91056    -0.16915    -0.15120     0.41731    -0.88589     0.06400     0.00293     0.82614    -0.81674
    -0.06086    -0.49433     0.48949    -0.08817     0.96395    -0.29432     0.07494    -0.06700     0.59120    -0.41480    13.71423     0.79711    -0.62545    -0.50125     0.19084     0.67409    -0.38551     0.72708     0.02541     0.44976    -0.40450    -0.06403    -0.71939
    -0.60528    -0.49170     0.35621    -0.77913    -0.30843     0.19872     0.11626     0.63070     0.70439    -0.39425    -0.45747    14.03826     0.66834     0.31143     0.61747    -0.39866    -0.09737    -0.79733    -0.60155     0.27718    -0.29858     0.58929    -0.04873
     0.97667    -0.23433     0.91187    -0.08736     0.04628     0.35617     0.26592     0.44101     0.86447    -0.37788     0.66187    -0.44396    15.64491     0.82085    -0.22187    -0.81326     0.52524     0.38388    -0.27073     0.19358    -0.30469    -0.65326     0.79492
    -0.80663    -0.12488     0.25083     0.78266     0.82639    -0.43326     0.09903     0.80306     0.33241     0.01090    -0.28430    -0.62131    -0.63293    16.88458     0.98162     0.81970    -0.76846    -0.39626     0.48157    -0.21242    -0.57541    -0.74030    -0.02568
     0.70359     0.14341    -0.66111    -0.94967    -0.06168     0.93683    -0.40027     0.13170    -0.18805     0.85056    -0.08564    -0.36166    -0.58270    -0.98661    15.94019    -0.55860     0.74971     0.02429     0.15710    -0.87160     0.39136     0.13871     0.94810
     0.42966    -0.58952    -0.83296     0.68936     0.38480    -0.88313     0.33294     0.08838     0.26028     0.67183     0.13871    -0.80140     0.60866     0.73844     0.33030    17.38907    -0.57939     0.58900    -0.75534     0.05895    -0.99370    -0.74195     0.50034
    -0.34256     0.88441    -0.32631     0.79615     0.83250    -0.70341     0.53861     0.26217    -0.29293     0.70565    -0.04847    -0.90813     0.82252    -0.71553     0.18025     0.08280    18.22089     0.95630    -0.68104     0.28140     0.56496    -0.94259    -0.38831
    -0.14365     0.04451     0.65271     0.11440    -0.45514     0.40872    -0.60327     0.20229     0.29312     0.07043    -0.00156     0.12563     0.36702    -0.46295    -0.61221    -0.92591    -0.75730    13.18900     0.33932    -0.83404    -0.93478     0.62379     0.34621
     0.66518    -0.57059     0.14505     0.72258     0.04111     0.13062     0.36899     0.89746    -0.82487     0.02170     0.01185    -0.28001    -0.56958     0.40858     0.92228     0.72355    -0.52099    -0.07928    15.39616    -0.15083     0.84603     0.45777     0.23697
    -0.42371    -0.91392     0.76569    -0.79992     0.43229    -0.08629     0.78017     0.09747     0.34312    -0.07478    -0.17995    -0.61577    -0.94416    -0.81096    -0.71831    -0.76903     0.21075     0.29354    -0.04904    14.78648     0.64117    -0.29788    -0.12676
     0.79396    -0.78611     0.02716     0.25173     0.45086    -0.05272    -0.04780    -0.97286     0.03336    -0.28210    -0.77278    -0.53434     0.63160    -0.99261     0.56313    -0.02528    -0.06739    -0.61682     0.35895    -0.01155    13.39008    -0.42778     0.64064
    -0.06582    -0.82962     0.42414     0.63631     0.04362    -0.21115    -0.18256    -0.16242     0.00274     0.84460    -0.91069    -0.54640    -0.20812     0.04151    -0.51926     0.82525     0.75941    -0.29204    -0.70910     0.39101    -0.28464    11.65875     0.85403
    -0.76279     0.72469    -0.36357    -0.19057     0.36533     0.85585    -0.40761    -0.70049    -0.97377    -0.98347     0.93582     0.06985    -0.19462    -0.24675     0.90742     0.80812    -0.40215     0.99673    -0.73828     0.38974     0.03824    -0.25754    16.35085
Tot number of iterations: 11

The Augmented Matrix (23x23)
    17.00429    -0.07024    -0.30015     0.96410    -0.85028     0.33421     0.38453    -0.83691     0.92975    -0.19666    -0.59442     0.78892    -0.08951     0.06346    -0.17377     0.70577     0.75761     0.85629    -0.97778     0.53520     0.19583    -0.39884     0.70897
    -0.59304    13.48382     0.05826    -0.63953    -0.73613    -0.73525     0.33440     0.44150     0.19451    -0.96575     0.40561     0.34423     0.36846    -0.20987     0.50732     0.29821     0.59348     0.91291     0.08712    -0.49603    -0.02363     0.91336    -0.79026
    -0.76805    -0.73082    17.84790    -0.03453    -0.16689     0.97815    -0.31808     0.41105    -0.61489     0.74018     0.77151    -0.35102    -0.99506     0.10591    -0.90951     0.19945     0.14017     0.49609    -0.45632    -0.49137    -0.71377    -0.94900     0.80683
    -0.10605    -0.61633    -0.05972    14.27484    -0.19269    -0.40659     0.67426    -0.42305    -0.17464     0.94344     0.54243     0.65848     0.92159    -0.77565     0.06952    -0.69330     0.96453    -0.15897    -0.04431     0.96947     0.94695     0.04617     0.16892
     0.71260     0.59574    -0.17151     0.76360    15.67430     0.40257    -0.29181     0.72752    -0.70347     0.09186    -0.33221     0.10384     0.68527    -0.65795     0.68079    -0.48936    -0.71451     0.22322    -0.83088    -0.79292     0.44756     0.23864    -0.48622
     0.46947     0.38156    -0.97338    -0.48435    -0.44952    15.54007     0.11374     0.05791    -0.73692    -0.29052     0.88641    -0.97332    -0.88795    -0.40540     0.75420    -0.59142     0.68647    -0.57801     0.51242     0.37174    -0.23595     0.19321     0.88238
    -0.94851     0.25662     0.86399     0.29013     0.77040     0.27609    12.95393     0.36981     0.23987    -0.34235     0.39643     0.75552     0.20813    -0.48983    -0.18657     0.47121     0.21965    -0.30016     0.49789     0.33170     0.29444     0.25209     0.74029
     0.25270    -0.64736    -0.56187    -0.55409    -0.76498     0.48767    -0.13766    12.23677    -0.71349    -0.25572    -0.27367     0.57664    -0.48532    -0.99759    -0.05355     0.75455    -0.33994    -0.65712     0.51007     0.86819    -0.14695    -0.67649     0.33940
    -0.16271     0.40440    -0.68221    -0.91062     0.14468     0.29869     0.76347    -0.60261    15.52295     0.65134    -0.79840    -0.15670     0.88636     0.68927     0.70563    -0.82713    -0.56645    -0.56804     0.74951    -0.05177    -0.56563    -0.30404    -0.29721
    -0.78714    -0.03738     0.89189    -0.46363    -0.69798     0.96459     0.55971     0.13931     0.36899    13.16449     0.87750     0.22870    -0.48633     0.17619    -0.00783    -0.08894    -0.17247     0.19377     0.75436    -0.28611    -0.11696     0.45999    -0.11324
    -0.36373    -0.73518    -0.67368     0.33223    -0.03240     0.42076    -0.62892     0.18046    -0.61662    -0.73703    14.85982     0.71683    -0.31460    -0.77244     0.27655     0.82471     0.59655     0.15405     0.05341    -0.88978    -0.66976    -0.95442     0.02128
    -0.22436     0.87165    -0.87762    -0.76437    -0.24159     0.43897    -0.87241     0.39468     0.70378    -0.54609    -0.27309    15.02770    -0.32861     0.87467     0.09799     0.85185    -0.74196     0.36096     0.56868    -0.05656     0.58852    -0.15477    -0.23184
     0.82156     0.29529    -0.67048     0.86714    -0.68343     0.48729     0.10648     0.09221     0.35894     0.22886     0.32785    -0.88265    11.79484    -0.33217     0.45543     0.51203    -0.62839     0.90934    -0.76106     0.04300     0.78401     0.33693    -0.10515
    -0.53647    -0.01450    -0.71358     0.30876     0.75365     0.47149     0.30804     0.57522    -0.23322     0.63756     0.44236     0.08335     0.12484    13.20016    -0.45116    -0.82444    -0.51622     0.77770     0.50341    -0.39887    -0.55447    -0.04115    -0.88684
    -0.64790     0.86015    -0.34780     0.68904    -0.24500    -0.30575    -0.61307     0.21853     0.67975    -0.32665    -0.47271     0.43340    -0.85516     0.83533    14.57981     0.00861    -0.08838     0.47289    -0.54903     0.99497    -0.40227    -0.00019    -0.82947
     0.67395     0.68264     0.22305    -0.36721     0.79580    -0.95981     0.50098    -0.85209     0.90034    -0.84682     0.83694    -0.34466    -0.15256    -0.77612     0.87387    18.64247    -0.47282    -0.10277    -0.59884     0.96058     0.04207    -0.76351    -0.03081
     0.42016     0.94866    -0.69290    -0.58003    -0.88081     0.38861     0.19748     0.79314     0.07126    -0.57947    -0.57407    -0.13294    -0.53928     0.92692     0.01497    -0.63894    14.35879    -0.91990    -0.14809     0.01640    -0.07246     0.07579    -0.10973
     0.29143     0.41530     0.01509     0.52792    -0.61551    -0.03122     0.23730     0.80466    -0.08256     0.54440    -0.77537     0.03663    -0.06699     0.42211    -0.17023    -0.99573     0.84263    11.68606     0.25570    -0.12867    -0.69664     0.18262     0.88629
    -0.26180     0.68082    -0.80974     0.81399    -0.42891     0.64498     0.78701     0.86252     0.06028    -0.19790     0.39044     0.44478     0.77088    -0.37226     0.24944    -0.31168    -0.82786     0.47406    14.54212     0.72495     0.10515    -0.10383    -0.44528
     0.81042     0.98075     0.04216    -0.00695     0.86704     0.70658    -0.74423    -0.39476     0.38740    -0.55397    -0.58076     0.95850    -0.90898    -0.79375     0.82102     0.15130     0.00835     0.21146    -0.40392    16.90666    -0.22077     0.83920     0.84552
     0.31958     0.19249     0.11649    -0.78425     0.74720    -0.77409    -0.04545     0.55763    -0.79334     0.99671    -0.44933    -0.92630     0.70329    -0.19356    -0.32106     0.09070     0.25248     0.09818     0.04919     0.34349    11.42601     0.30442    -0.12978
    -0.91832     0.09088     0.09200     0.92088    -0.06361    -0.44046     0.93223    -0.74403     0.75203     0.04872    -0.52828     0.49923     0.27463     0.42627     0.05686     0.48129     0.42298     0.60753     0.55499     0.12628    -0.58603    11.87603    -0.76607
     0.33210     0.26617     0.00994    -0.36347    -0.86362     0.50474    -0.05070    -0.78194    -0.40438    -0.95870    -0.86105     0.53201    -0.39917    -0.92882     0.78798    -0.64714     0.11990    -0.74030     0.85209    -0.60547     0.68597    -0.09105    17.47626
Tot number of iterations: 10

The Augmented Matrix (23x23)
    13.56997    -0.79190    -0.13264     0.35401    -0.49618    -0.54143     0.93700    -0.56555    -0.66935    -0.81486     0.22856    -0.24079     0.57783     0.25187    -0.29010     0.71167    -0.17215     0.47793    -0.51968    -0.86365     0.85425     0.44008    -0.91418
     0.93034    14.35704     0.07485     0.91655    -0.14784    -0.94939    -0.32294     0.18476    -0.74129     0.54442    -0.46123    -0.23747    -0.99701    -0.52423     0.19698    -0.66636    -0.33909    -0.57446     0.09285    -0.76126     0.67741     0.80275     0.95041
    -0.56927    -0.35839    10.10040     0.13494     0.87081    -0.27257     0.42466    -0.31349    -0.34223    -0.50049    -0.39694     0.50993    -0.44988     0.28012    -0.30530    -0.19117    -0.17546     0.23347     0.57136    -0.17247     0.70924    -0.23166     0.16117
    -0.74599    -0.39110    -0.12871    12.14931    -0.94324    -0.44069     0.37655     0.33745    -0.00996    -0.98184    -0.52762    -0.13915    -0.25441     0.89704     0.54736     0.40336    -0.60346    -0.84958    -0.08671    -0.05334     0.43055     0.60799     0.75550
     0.32686     0.08262    -0.44930    -0.90480    15.02880    -0.75621    -0.07914     0.28908    -0.50220     0.52976    -0.83963    -0.44544    -0.91094     0.53692     0.89201     0.07910     0.55507    -0.63561     0.93995    -0.69934    -0.73857     0.48731     0.70402
    -0.38269     0.60463     0.06828    -0.77470     0.36013    15.36437     0.32337     0.06676    -0.31301    -0.59400     0.61746    -0.21781    -0.35022    -0.46168    -0.92873     0.14758    -0.93192    -0.76836     0.70215    -0.84286     0.76855     0.59416     0.23624
     0.17619     0.62428    -0.78003    -0.33650     0.32830    -0.12206    14.42403    -0.69876     0.94561    -0.51743     0.36952    -0.82909     0.84270    -0.30711     0.23767    -0.47031     0.09889    -0.14487     0.31188     0.74867     0.39345     0.38315    -0.10375
    -0.40160     0.61867     0.38334    -0.80744    -0.14510    -0.29303    -0.84890    12.66537    -0.96891    -0.66875    -0.62893    -0.30541     0.65954     0.24902    -0.00418     0.60515     0.73159    -0.63466     0.77606     0.57429     0.05824     0.01373    -0.89602
     0.41586     0.90580     0.26231    -0.20099    -0.19795    -0.27616    -0.58620     0.40045    14.52161    -0.65749     0.79714     0.59301     0.19741    -0.49589     0.74411     0.22850    -0.16464    -0.88482     0.92309    -0.50510     0.36420    -0.08109    -0.89994
     0.87612    -0.32992    -0.65751    -0.11016    -0.22594    -0.50039    -0.24130    -0.81008    -0.59459    12.90572    -0.97898    -0.01106     0.20746    -0.25514     0.40274    -0.39209     0.08737     0.19989    -0.79908    -0.71521     0.70400     0.94503     0.51329
     0.43638     0.03426     0.42441    -0.64471     0.13432    -0.47981     0.63954     0.01043     0.19027     0.98203    12.48458     0.90028     0.96433    -0.51836    -0.34102    -0.84574    -0.11295    -0.32000     0.14319    -0.90549     0.42486    -0.45407    -0.29757
    -0.09665    -0.20298     0.44982    -0.15162    -0.68970     0.98917    -0.09141     0.74668     0.02343    -0.66701    -0.89803    15.73681    -0.84225    -0.14681     0.74151     0.16818    -0.95654     0.72354     0.06846    -0.99221    -0.79482     0.72744    -0.83796
     0.30524     0.18675     0.83229     0.85117     0.88918    -0.65548     0.59699    -0.20747     0.14154     0.04681     0.64090     0.45184    15.24295     0.03598    -0.45051     0.19852    -0.94059    -0.11752     0.30049    -0.78284     0.73567     0.04200     0.38534
    -0.54620     0.78692    -0.02927    -0.81877     0.94896    -0.93704    -0.41133     0.25420     0.24971    -0.57904     0.10537     0.13889    -0.23452    14.50374    -0.29764     0.93142     0.90702     0.74917     0.57232     0.35886    -0.21484    -0.87819    -0.44261
     0.85788     0.06173    -0.26004    -0.10012    -0.55293    -0.48091     0.66542    -0.09913    -0.69399    -0.36386     0.08210    -0.74503    -0.30089     0.67076    12.16362     0.50917     0.94882    -0.90828    -0.38546     0.08771    -0.14279     0.31691     0.01913
    -0.40855    -0.87691     0.85124    -0.28674    -0.31952    -0.30419     0.71756    -0.46165     0.75754    -0.54248     0.43823    -0.79539    -0.02339     0.10365     0.10547    12.80045     0.28262     0.73980    -0.81243     0.53759    -0.56110     0.85833     0.04677
     0.66131     0.47543    -0.19274    -0.02178    -0.50544     0.57149    -0.95570     0.08601     0.69458     0.89554     0.79927    -0.62494    -0.40866     0.51683    -0.08659    -0.65112    12.96391     0.97435    -0.64836    -0.44652    -0.04904     0.45530     0.65896
     0.84653     0.77118     0.63399     0.70486    -0.18206    -0.97828     0.65492    -0.52075     0.49715    -0.53782     0.45747     0.99171    -0.96633     0.50177     0.07773     0.72826     0.39730    14.92313    -0.12300    -0.89669     0.98865    -0.60617     0.01673
     0.36837    -0.10899     0.31914    -0.17633    -0.45004     0.55273    -0.98124    -0.60351     0.32391     0.65275    -0.89865    -0.85815     0.67447     0.75627    -0.37889     0.17162    -0.78155    -0.92142    18.17949     0.16333    -0.74787     0.58035    -0.75894
     0.11806    -0.91630    -0.03371     0.51189     0.10042     0.30382     0.88007    -0.53121    -0.80518     0.19922     0.29246    -0.25521    -0.24805     0.31122     0.14128    -0.92415    -0.03603     0.24263    -0.78229    13.68219    -0.36156    -0.00110    -0.16119
    -0.08261    -0.02661     0.46948    -0.50227     0.21445     0.44986     0.47538    -0.66749     0.53356    -0.55832     0.84440    -0.36602     0.74550     0.72448     0.10278     0.94032    -0.07630    -0.60476    -0.31489     0.67564    16.28670     0.70646     0.82638
     0.06901     0.96920     0.30887    -0.93209    -0.19199     0.11893     0.28526     0.72540    -0.90768    -0.24526    -0.77687     0.30677    -0.79540     0.69852     0.63928     0.73816    -0.85980     0.48369    -0.62785     0.88569     0.20816    17.81383     0.47492
     0.87016    -0.48888     0.80750     0.57662    -0.66250     0.55899    -0.75295     0.40651     0.52819     0.55591     0.47441    -0.66379    -0.32516    -0.24032    -0.93839    -0.23284     0.51442    -0.71526    -0.92607     0.71902     0.98326     0.71321    18.29735
Tot number of iterations: 13

The Augmented Matrix (23x23)
    17.77472    -0.49304    -0.94319    -0.23533    -0.11785     0.60926     0.51433    -0.26557     0.76314    -0.40326    -0.91466    -0.23266     0.28093     0.48022     0.63884     0.76053     0.94527     0.15368     0.99007     0.79331     0.57725     0.34110    -0.47129
     0.53196    15.02131    -0.81690     0.56252     0.53320    -0.05450    -0.87215    -0.96187     0.45245    -0.81534    -0.19720    -0.66540     0.79392    -0.68287     0.06903     0.55705    -0.08613     0.15437    -0.67560    -0.80520    -0.36541     0.96324     0.95533
     0.94540    -0.62683     9.93795    -0.30583     0.28651    -0.09812    -0.36586     0.41468    -0.56616    -0.18276    -0.02281     0.96704     0.76273     0.10504    -0.99483     0.21518     0.28970    -0.19203     0.54978     0.08362     0.12510    -0.38118    -0.35933
    -0.03493    -0.76623    -0.59222    11.74271    -0.07169    -0.81090    -0.01235    -0.95477    -0.86549     0.36082    -0.26060     0.42101    -0.73730     0.37354    -0.16431    -0.30346    -0.80923     0.81289    -0.33642     0.95350    -0.08207    -0.33125     0.16869
    -0.28153     0.29124    -0.39817     0.33729    11.46441     0.93191    -0.35919     0.11047    -0.10302    -0.12542     0.51825     0.82529     0.06368    -0.49410     0.87052     0.19818     0.86672    -0.39008    -0.38080    -0.87058     0.98346     0.45489    -0.17403
     0.48955    -0.87226    -0.81430    -0.84170     0.29642    15.85576    -0.60668     0.63503    -0.98511     0.68456    -0.76314     0.35218     0.61647    -0.12233    -0.53735    -0.48655     0.75224     0.98091    -0.66126    -0.18408    -0.51319    -0.79074    -0.98589
    -0.36670    -0.51705    -0.19736    -0.91181     0.30892    -0.02313    14.76472     0.35597    -0.20154     0.10461     0.54167    -0.04324    -0.59897     0.93500    -0.40821    -0.58408     0.61956    -0.17135     0.76810     0.23603     0.70632    -0.76925     0.74948
    -0.91178    -0.72552    -0.30153    -0.70252    -0.71141     0.05200     0.11666    15.37777    -0.07811     0.53495     0.91929     0.01009    -0.15613    -0.10384    -0.63394     0.64233    -0.99923     0.90773    -0.40091    -0.59820     0.84273     0.19088    -0.18228
    -0.41418    -0.30169     0.72585    -0.18343    -0.55221     0.18442     0.02823    -0.46399    13.15338     0.45890     0.72670    -0.16652     0.74749    -0.22130     0.95014    -0.33062    -0.68635     0.86943     0.67947     0.15751    -0.23440    -0.95447    -0.20016
     0.39893     0.16816     0.79598    -0.41018     0.98588     0.25827    -0.39065    -0.42830     0.95658    14.81688    -0.66479     0.38827    -0.59563     0.51962    -0.58350    -0.05962    -0.02148    -0.85680     0.77387    -0.27399    -0.07810     0.72401     0.39539
     0.07486    -0.60693    -0.64096     0.12039     0.19291     0.12541     0.07364    -0.40816    -0.70643    -0.13037    12.83532     0.18166    -0.72055    -0.87211     0.79101    -0.14885    -0.91553    -0.87378    -0.76058    -0.51115     0.64584    -0.34407     0.42923
     0.20310     0.35037     0.72103    -0.07289    -0.25424    -0.04341    -0.47945     0.82062     0.34966    -0.12041    -0.05899    13.04531    -0.45744    -0.99500    -0.98535     0.13441    -0.70143    -0.11572    -0.68393    -0.42198     0.01217    -0.89292     0.42917
     0.66860     0.58549     0.87914    -0.67548     0.01472    -0.49650     0.12365    -0.78218     0.85387    -0.15531     0.14492    -0.40037    13.60686     0.80127     0.66547    -0.57975     0.15093    -0.45494     0.36126     0.69349    -0.44994     0.37591    -0.17210
     0.14397     0.42664     0.27236     0.25105    -0.14418    -0.63100     0.48435    -0.47559     0.95449     0.36349    -0.15106    -0.03079     0.86700    15.66854     0.97259     0.18703     0.72087    -0.18273    -0.66805    -0.67950    -0.38145     0.99742    -0.25924
    -0.89798     0.46297     0.09254     0.47793    -0.70912     0.94116     0.73812     0.43485     0.36780     0.01048    -0.31410    -0.77638     0.37948    -0.82975    15.11065    -0.25196     0.33397     0.53374     0.59697    -0.69682     0.40073     0.56956     0.49021
     0.82216     0.44211     0.00538     0.81958    -0.81713    -0.22514    -0.63795    -0.71511    -0.76217     0.45459     0.76282    -0.47129     0.39575     0.50095     0.96355    15.75270    -0.23645    -0.48857    -0.35055    -0.01282     0.89091    -0.18030     0.73521
     0.33218     0.52807     0.75417    -0.09826     0.01828    -0.12422     0.28857    -0.15957    -0.68212    -0.70605    -0.33999    -0.49925     0.06881     0.02206    -0.21436     0.30664    12.16460    -0.52335    -0.45153     0.83535     0.87240    -0.95058     0.79890
    -0.55165     0.62313    -0.54824     0.26805     0.35834     0.67664     0.62149    -0.30948     0.20471     0.37566     0.59226    -0.77702    -0.74857    -0.11917     0.06342    -0.43068     0.17479    14.97900     0.72342     0.07007    -0.75640    -0.25451     0.85572
    -0.59582     0.38559     0.09454    -0.54640     0.18449     0.73050     0.01445     0.63285     0.35363     0.46621    -0.09910    -0.28803     0.14285    -0.47762     0.40249    -0.65244     0.89804    -0.00524    12.55679    -0.42946    -0.85053     0.87559     0.63396
     0.35738     0.78886     0.29397    -0.89713     0.64457    -0.15579     0.32501    -0.95124    -0.77020    -0.58045    -0.49764     0.41429    -0.84995     0.51681     0.04714     0.50368    -0.01699     0.94803    -0.78435    14.54890    -0.87414    -0.52958     0.61814
    -0.38710     0.04396    -0.48207    -0.51151    -0.32208     0.23671     0.53887    -0.96470     0.02557    -0.16715    -0.86183    -0.32985     0.67706     0.46318    -0.28109     0.90686     0.88273     0.22126     0.32115    -0.96722    15.32676    -0.26193    -0.63171
    -0.68367     0.75210     0.84694    -0.21326     0.37024    -0.67964     0.15520     0.98315     0.36432     0.67313    -0.52836    -0.95777    -0.09016    -0.98949    -0.92246     0.93542    -0.15664    -0.78429    -0.39444    -0.47958     0.67889    15.03181     0.32447
    -0.45427     0.74843     0.59440     0.28380    -0.88327     0.13085     0.00488    -0.56695    -0.11705    -0.14818     0.21980    -0.74680     0.17218    -0.62500    -0.76366    -0.46350    -0.95187    -0.29202    -0.42127    -0.04203    -0.28151    -0.34373    12.48891
Tot number of iterations: 11

The Augmented Matrix (23x23)
    16.82516    -0.94419    -0.37984    -0.68294     0.11995     0.79520     0.53942     0.23588    -0.54913    -0.90244    -0.43887    -0.40525    -0.63390     0.25658     0.70429     0.91051     0.67177     0.88153     0.23157    -0.68541     0.66015     0.03622    -0.94886
     0.39720    13.35143    -0.45009     0.78254    -0.98834     0.27351    -0.52659    -0.05321     0.32932     0.09357     0.26384    -0.55073    -0.11123    -0.19674     0.68514     0.33963    -0.09918    -0.75373     0.93438     0.26693     0.50285     0.63868     0.17744
    -0.59099     0.48921    13.10670     0.18035     0.44523     0.54035    -0.53514    -0.10998    -0.06245     0.01477    -0.32744    -0.05079    -0.71172     0.14597     0.89600     0.61759    -0.76046     0.15984    -0.93314     0.12831     0.96310     0.75200    -0.53206
    -0.59767    -0.86915     0.50113    13.95526    -0.95900     0.30829    -0.32425     0.56121     0.71730    -0.83504    -0.25844     0.16252     0.70531     0.20642    -0.94746    -0.35715    -0.77881    -0.27490     0.59206    -0.49054     0.87108     0.48806    -0.87294
    -0.80608     0.23893    -0.38900     0.94592    19.96180     0.70688     0.47492     0.94420    -0.89080     0.60577     0.44534    -0.84980    -0.08594    -0.87891     0.71141    -0.36864    -0.71395    -0.54703     0.79388     0.99136     0.65939     0.84642    -0.36578
    -0.77372    -0.60996    -0.55740     0.71434    -0.48290    14.45751    -0.44677    -0.63776    -0.28898     0.79216    -0.02676    -0.34305     0.49904    -0.55184    -0.39885     0.60824    -0.94607    -0.95351     0.75844    -0.03201    -0.83242     0.46985     0.59935
     0.39322    -0.55501     0.58222     0.23964     0.07921     0.46280    13.72639     0.81117     0.30549     0.85284    -0.74623     0.01983    -0.63006    -0.19300     0.38207     0.08096    -0.40084    -0.64469     0.73791    -0.90180    -0.19653    -0.66094     0.70644
     0.46488     0.82538    -0.44688    -0.06526     0.42473     0.00675    -0.14243    16.10099    -0.18205     0.45174    -0.56022    -0.94240    -0.46905     0.90258     0.86877     0.83645     0.75542    -0.87746    -0.14372    -0.87465    -0.07046    -0.76165     0.20631
    -0.05578     0.62690     0.39712     0.28328     0.33334    -0.74548     0.66882    -0.20177    12.33167    -0.92010    -0.77807     0.73297     0.50463     0.22868    -0.40947    -0.67742    -0.31958     0.03032    -0.61982     0.21137    -0.06710    -0.75105     0.04782
     0.90409    -0.18633     0.30103    -0.85756    -0.98002    -0.17027    -0.26390    -0.03580    -0.54336    13.91583    -0.86677    -0.75252     0.78998    -0.61225     0.91629    -0.41179    -0.53235    -0.86177    -0.67882     0.97228     0.36691    -0.08829    -0.70514
    -0.32496     0.25870    -0.12507    -0.07602    -0.69349     0.56325     0.29547    -0.78939    -0.62308    -0.40350    11.73452    -0.64695    -0.60310     0.42623     0.08916     0.36110     0.88287     0.22238     0.60858     0.67285     0.61013     0.52488    -0.73894
    -0.41776    -0.94995     0.03001     0.49395    -0.65509     0.07734     0.43599     0.01994    -0.66397    -0.68908     0.94393    14.95805    -0.35745     0.87417     0.23939    -0.14685    -0.74892     0.83589     0.20621    -0.35202     0.26212    -0.70464    -0.99091
     0.61767    -0.18216     0.12787     0.14255     0.07890     0.20564    -0.19435     0.66114     0.25569     0.83566     0.15509     0.60060    11.45794    -0.08700    -0.40892    -0.37946     0.24903    -0.09800    -0.43553     0.89158    -0.22383     0.80386    -0.25527
     0.95094     0.67524    -0.09812    -0.75370     0.68432    -0.95313     0.76405     0.30200    -0.13529    -0.10808    -0.55546     0.94361    -0.90244    15.45066     0.25020     0.60476     0.35326     0.08586    -0.24015    -0.04614     0.99886     0.35093     0.57440
    -0.86113     0.13947     0.02910     0.94273     0.88421    -0.94365     0.58249     0.83515     0.73159    -0.51563    -0.91855     0.41591    -0.46876     0.84550    12.83515    -0.28209     0.39596    -0.26259     0.16245     0.33957    -0.16502    -0.58735    -0.05567
     0.70418     0.14209     0.49737     0.05511    -0.28351    -0.25473     0.30804    -0.14464     0.88474    -0.66286    -0.20190     0.76895    -0.60651    -0.61941     0.60409    13.62338    -0.87492    -0.13504     0.68554     0.54099     0.39620     0.53104    -0.74111
     0.42134    -0.86827     0.10343     0.83399     0.07606     0.29166     0.33250    -0.21976    -0.56625    -0.17012     0.83534     0.15025     0.57514     0.14338    -0.99439     0.45988    15.17055     0.48052    -0.19630     0.22883     0.87402     0.18429    -0.16708
    -0.48154     0.54008     0.44546    -0.95050     0.79897    -0.76238    -0.68204     0.22032    -0.63065     0.42139     0.05431     0.44541    -0.28695    -0.61318    -0.77435     0.14681     0.21669    12.85215    -0.93901    -0.70295    -0.20817     0.20438    -0.69734
     0.10636     0.48054    -0.44108    -0.70935    -0.68654    -0.44199    -0.66010    -0.16807    -0.90191     0.78536    -0.11857     0.89706    -0.97702     0.19939     0.11738    -0.60767    -0.37922    -0.82830    14.25719     0.83774     0.33383    -0.44149    -0.93661
    -0.87562    -0.22231    -0.43297     0.32876     0.08035    -0.18125    -0.98634    -0.81329    -0.70071    -0.42742    -0.52264    -0.38725     0.13059    -0.18273     0.44468     0.22868    -0.39737    -0.67389     0.12574    13.34419    -0.37440     0.52549    -0.75688
    -0.58518    -0.14433     0.48010    -0.02667    -0.08094     0.96073    -0.25147     0.04344    -0.26158     0.31556    -0.62781     0.81877    -0.86569    -0.61415    -0.99452    -0.56641    -0.04157    -0.51716     0.04634    -0.91099    14.25672     0.30010    -0.50898
    -0.18288    -0.55657    -0.47167    -0.65738    -0.31345     0.54627    -0.51111     0.10137    -0.59806     0.96899    -0.92530     0.32099     0.92972    -0.17677    -0.63557    -0.33186    -0.86121    -0.26338    -0.51309    -0.72690     0.12248    13.98936    -0.50762
    -0.02478     0.75303    -0.83009    -0.72468    -0.75595     0.48760    -0.82195     0.06118     0.93103    -0.29361     0.40379    -0.38242    -0.74735     0.89268     0.71895    -0.34541     0.86167     0.79365     0.97559     0.79139    -0.38312    -0.65998    15.78870
Tot number of iterations: 11
